0.20830259118176464
0.2760351648725914
0.20828724028084897
0.26201189637573274
0.1436940626926043
0.18598569341874072
0.16094401221879312
0.26710593537544525
0.2293559331033024
0.08839009357146604
0.16935986882829934
0.24089701923995696
0.19352998533783214
0.19680330240312788
0.2395948527741411
0.09439156985594951
0.20970279824323518
0.12093658069995361
0.15222366336804208
0.1862275580791442
0.19410649758232806
0.11946746118038021
0.07512127537121185
0.23355697609808262
0.05847623187505971
0.1878479331071812
0.21115212302591754
0.14048799712888357
0.23725231559737275
0.19914207234955056
0.23444511191966708
0.098560940114237
0.21586795200356523
0.21883126418847662
0.18271445428777686
0.15476935563234398
0.17641977682612772
0.2115773549916867
0.1876690088295599
0.24172346403387174
0.0846078752836098
0.11488337717929858
0.1396094702504205
0.16097612621001658
0.17556693159842438
0.07933790006185074
0.07290954168515162
0.058979467413606296
0.12552077652145097
0.07884941492498612
0.035150017113579124
0.30144863632167207
0.13203339187078925
0.12317978547818964
0.1572925182361234
0.10830385983874477
0.26773843334631514
0.2344031955794962
0.27249636463836674
0.0660530309706186
0.19257329645402413
0.22886248882710553
0.2735624550623836
0.07276019409797493
0.19219402496868093
0.20992102977118487
0.09961076980358441
0.06483869477887677
0.13230578351097244
0.09444662907378576
0.16320242401262025
0.2280276827908851
0.12300412738912073
0.18268407748795523
0.17149044531058738
0.12784685854728783
0.17997761852152638
0.22511851813822228
0.09866707337051067
-0.011461929609263427
0.16846883116342556
0.1206718363882748
0.21157000801001458
0.12034751598967969
0.15790450430424424
0.22182749399881718
0.18568807219551875
0.12587482796240435
0.1502761723421942
0.11859439000531624
0.169158178908201
0.010408327084969637
0.11944985972266492
0.21177504035080125
0.1466410964722849
0.0924854735267969
0.11269880887091294
0.15496271705374592
0.21758441155863859
0.13970436656351096
0.23850722737556418
0.14876132550660487
0.1815244354596678
0.27439644634257665
0.225986624729626
0.10570229498748954
0.11109492262454967
0.12901378835841204
0.1210734415230389
0.26967644541995583
0.1380485181243303
0.08538103534191877
0.2739690319430362
0.12240724027525235
0.13931721415920661
0.1667272393974647
0.19604095923131912
0.12232119254755228
0.10880566969651223
0.20215203575311372
0.27692814843764
0.050236339494888094
0.06498734683522667
0.11248293398462902
0.08652745019855382
0.10129342487631687
0.16656659475651625
0.2256638201118156
0.144242672014832
0.26341846469682273
0.10381825893431867
0.22154510709427883
0.13148464948989205
0.22931459056362266
0.169166958139079
0.12054989197271984
0.09208345265080187
0.2649113636383264
0.14065304295598371
0.1489107932938261
0.11579466831985699
0.1401669127518096
0.11671720136130814
0.18035686913889598
0.1447069452469268
0.06415267127886798
0.2196172616563158
0.18899105144140502
0.09800336817673308
0.14270193491994182
0.08862388511322397
0.11053599094002292
0.2122217328588703
0.19097400435834352
0.16267044319407398
0.23044443602704767
0.16910153403005446
0.12948639166347004
0.17700074757850665
0.19885072217048674
0.1548023156372033
0.08878159037301511
0.2501619865429442
0.042760937796683024
0.07323364966402346
0.09414675385062865
0.16861403947368275
0.17532011118762836
0.18218078275195637
0.18913440907429144
0.163438379257862
0.17259360744007735
0.13180099954026805
0.17072046421991244
0.17872520986592702
0.0796093917269825
0.13834279091270746
0.17764976401439247
0.08139566016460459
0.14659454313882508
0.20780720839268546
0.15788678354065105
0.09486580473409978
0.17538270537929201
0.10567213349746313
0.15577886707918526
0.13326317058458997
0.22661355731646393
0.19686970463553255
0.16345353453212222
0.21930254862048532
0.009580370266795896
0.14154408693670942
0.11102221816602997
0.2482031284807763
0.04199043300567365
0.15979843209112557
0.20580664973939605
0.19569230078849767
0.08836068954086895
0.11262569809975886
0.07082945245601
0.059431995170842467
0.16314577872327565
0.12614116354697283
0.0737272831208414
0.0879096864056085
0.12755495087284086
0.1529964367856735
0.21342669601599165
0.1879337441264624
0.1671492799470292
0.1260414182923909
0.08165494104907181
0.08677612364894344
0.16816679033513554
0.23638945446916093
0.1738467702253783
0.08272655434652351
0.08670656191624834
0.1305975483455505
0.10117041064418214
0.10062528439671736
0.21809229616066045
0.1690645822803153
0.22446809365493992
0.21007204980563032
0.10871419935553989
0.11434215590936334
0.10910917187417712
0.11186932372466996
0.07022643478385948
0.12762913428287082
0.11750910280192706
0.10515702416766837
0.1740446785817815
0.12109423602750721
0.1913422910716369
0.21209487912609645
0.12203365656061485
0.18196323946143408
0.25465514655582566
0.18930382457635114
0.1350318544562183
0.256455998148732
0.1297349641556772
0.13785049661537957
0.0952636201319661
0.2004957837967249
0.22195137939466836
0.27646910872782154
0.21971443341330466
0.09507362886726667
0.13819177735318924
0.09158789781149859
0.16684534420659958
0.1709059653994225
0.18736727257123376
0.11559454961543117
0.22692775873554105
0.172931835664844
0.21089540086123448
0.07031445828232025
0.13237648246745226
0.18980758912514978
0.1623777293655093
0.1897315909413794
0.05234817258526686
0.09350044310339337
0.06575576794430768
0.2125852064161627
0.21869680158760157
0.15818715650693846
0.13381735725409694
0.21062369967548422
0.22293631039289896
0.09465927452316061
0.2253585013970465
0.28353966724259555
0.284835886735414
0.12092446147161498
0.21510806995718515
0.1681587219968082
0.17645683870698356
0.18343365514916493
0.169147324029323
0.08562664624463151
0.14405614624661695
0.17117972187835817
0.2889994083165138
0.2351969753260727
0.1914569131970198
0.28389672501516433
0.17296788515793438
0.11193037971051983
0.096312622037381
0.25561498115012404
0.23720126618874615
0.12044708385997246
0.0965463761893818
0.2638464475329093
0.1182281814413918
0.1579200373794739
0.16280920083757036
0.14914996163119965
0.25328074097610187
0.16747775253749667
0.21121557032933308
0.19266496785827483
0.07712589896695576
0.1274832077675509
0.15810652777885956
0.15316435929449954
0.07805102567177163
0.21253331571605197
0.2169152328909121
0.20514088408579334
0.11509126116811055
0.10329281232954315
0.16470667836213504
0.1440618669230886
0.13762664211774295
0.14678731378161788
0.04220548316016823
0.13360881677465727
0.1266791179533396
0.16609304215340942
0.168279744974149
0.24472527649793663
0.1479807548691749
0.1948104625511728
0.21140192574262912
0.14580885154980233
0.18903249414106046
0.20437982285314665
0.22720857951091283
0.18270466230675908
0.07734650021584541
0.26144740914520986
0.17775898744839225
0.22232507716032895
0.16561135262296758
0.18516094406740066
0.09568814505015472
0.16903581434278112
0.13042375560084135
0.1308978329011857
0.12029566705070849
0.06541017467459553
0.20379956665662535
0.039097314232777375
0.18850535227172166
0.1487964938353361
0.09136697691951245
0.0793514585405179
0.26882032916681087
0.22841920013013067
0.08260937652853947
0.2725272279063161
0.09901692872915333
0.12741454618379083
0.2350441569184445
0.21330775117256934
0.15869965885950266
0.17533772308285725
0.07697799436411104
0.27918883319543286
0.11182334056693069
0.13007166709461493
0.2063480933795695
0.23680859737140283
0.20483454621592057
0.03755271673815819
0.16701625398425754
0.20679396289857377
0.09524788691868036
0.11585272285057027
0.21782184342148242
0.11534390569444036
0.180009511849174
0.27155685598795365
0.2175013642253659
0.195160535039245
0.1608693877489684
0.09835005376885503
0.06718070712813484
0.11535795332322188
0.2114166732903569
0.19459107348922447
0.2209615903678294
0.269886406261868
0.21327480408988686
0.11544975340635732
0.23845898227601342
0.10741333214129495
0.1705836550400932
0.056419520773296955
0.09189848504996004
0.21815011385565697
0.23280957581759937
0.09291086138925125
0.1962747392779567
0.1338757825802798
0.18846461025475664
0.23943355962476198
0.09035564356841122
0.034878912582597565
0.12737737233398388
0.2594567618394302
0.21454511910030233
0.1821992183451308
0.1745292549073962
0.22253450971478683
0.04612418009252198
0.07772050790947041
0.12101882003118755
0.203177959390841
0.2101225210501624
0.13512047019083667
0.1957188949050432
0.11930182880382717
0.05910574445490119
0.2526274601090747
0.10154198071187337
0.08582791107297344
0.010295400317393094
0.23715198865610754
0.08031095081509376
0.2568139255791726
0.11244017230816619
0.18812235885425788
0.24918118404214795
0.16265229736205997
0.09404727059437584
0.2013747866461612
0.10374247876336298
0.18612849270711224
0.1152171600916101
0.2092375108389784
0.15598637825678896
0.12601459242923893
0.07146052072805478
0.2775214411792791
0.186270497037819
-0.018794335189788458
0.14759431557491698
0.24343958206348978
0.21691632249364165
0.13817080149951524
0.1541558409358859
0.15957028765229003
0.10798122442186553
0.16695704518782392
0.24775135313072283
0.18351353723969302
0.1612512031886958
0.07560045074272076
0.06253135432913451
0.14774513361560618
0.0853780167924591
0.21787522128869083
0.18621900013528783
0.2795682431253385
0.16798912318825376
0.16625832225319115
0.05732375089459135
0.16650074489012018
0.1341110085224023
0.05804544153254951
0.13407682587357275
0.24467431807326673
0.173484357090528
0.23080925015703024
0.1696024261546717
0.09008522153173748
0.13984475447575043
0.16875918778301632
0.1553594892610221
0.27249636463836674
0.09660549499903304
0.14640139958204362
0.22668354409966193
0.1684275173169272
0.13788172745709387
0.22024702400135923
0.028601050581028076
0.16603539996660954
0.18353187863094975
0.08855261152093219
0.24531825529167894
0.12988494055498134
0.059836919973531216
0.13386085516999843
0.20248106866532212
0.16054503941785772
0.12818814208754337
0.20659591302088992
0.17787385714676338
0.1122510418426973
0.1348775947248983
0.16916916021021244
0.18802324304772725
0.12752636229767705
0.16939340832984884
0.0916017012149988
0.0870184497901727
0.17616899752331147
0.23096288047375774
0.20087983664086032
0.10413954473094095
0.20952086014433885
0.056125303346064415
0.05285534092450703
0.1368007077175462
0.0608254448953601
0.16957506741722436
0.06661446749472871
0.1386004914147662
0.1468358641331276
0.21934639985874294
0.1619270442723996
0.19202136000338138
0.22050722484369764
0.08426579009477461
0.22169407161714622
0.16202621247724014
0.12829108189291857
0.22267845852920645
0.20104967281288316
0.05547134622069591
0.0717907066505602
0.1737590811187645
0.09867012976201267
0.1630889340913657
0.18488178087554752
0.2028200317201877
0.150143931231777
0.07904089312014062
0.038190118848420135
0.20817267606433584
0.07627754638158651
0.18354158883814406
0.202793213379584
0.2151076089018794
0.08257288501919693
0.21183745836151938
0.20842725726299866
0.1678119873137555
0.1897661764836988
0.08240082638945523
0.08665817187663188
0.10333813785929233
0.172845786989522
0.14134068728651566
0.17162848161776262
0.26306383527968547
0.05086841501747749
0.17027789470208726
0.2090653494062686
0.0965415737632716
0.03242768882607633
0.16782786585818227
0.2851167113210459
0.24067137342802017
0.22186490559073513
0.27255292284006083
0.2427437597990142
0.13980848080546326
0.17724832891254136
0.1637668416074921
0.2124852415508094
0.21258251050694246
0.05923077824780476
0.1139660479574344
0.19603739107636542
0.25992025361365234
0.1233153709664214
0.22217385778682336
0.226425091080774
0.18188145218784832
0.05693592447419352
0.21586913076262781
0.11885535135390371
0.14237162864205552
0.07303519834579711
0.2119726180473445
0.15274069757057587
0.09144674199358849
0.06803570806704981
0.18133999770683332
0.20923467826204978
0.05760829971379883
0.09300346452262537
0.06340096225203448
0.09496063710412844
0.2008256061900165
0.15300766258639278
0.14333455796359026
0.06045603547645487
-0.006789208824002357
0.1839464535388492
0.22355428988738762
0.21371296902344278
0.13530246001181445
0.16677090595034505
0.27192248439207617
0.13313821799709818
0.1399516708019075
0.12242456797592446
0.12440980462244533
0.1952587716531977
0.25751232170383176
0.12167830222944892
0.05355754340275945
0.21727694296075659
0.18071601103367493
0.14061095770332968
0.1021789288048261
0.16633698762200622
0.1028305808159945
0.12506076073725741
0.30121641373178804
0.23083657028488444
0.10423351033461994
0.2078511353355855
0.25033196497028937
0.10053530493010071
0.16699508868984275
0.22244697566745175
0.05776472058519433
0.18374150937428843
0.17762328441187897
0.16696116112335835
0.08734941621538522
0.1520703603049356
0.2334421044749797
0.12964415592319076
0.23622890734190452
0.11577167521019124
0.27479152352143615
0.11890710868430382
0.17318806448700041
0.24713252941449232
0.19389952147296552
0.10109617161562762
0.19812395960848478
0.290564038737652
0.22480399357744615
0.09686953915906904
0.1908762646767977
0.08870323027154775
0.29178206289139785
0.15413372121837216
0.1991662593217038
0.06647574320797822
0.30281309035194076
0.1634264017953459
0.14572112539174067
0.1455403324693434
0.2399480165302965
0.13315608685994507
0.11579333090003863
0.007332199069567835
0.16192891229131284
0.1137257486922775
0.0873092438447193
0.1350491990299338
0.1530651459314682
0.10247910336881458
0.2014650158045041
0.2834810413837473
0.15958006732077554
0.2572483971045074
0.2061925592095769
0.08116153865178347
0.25857248732856397
0.22943803062875495
0.1802187265775593
0.26325721409396496
0.17124768921432665
0.09219176445829655
0.12504940037511042
0.22004849522743727
0.18200229394077386
0.061863441397927016
0.10299607713672243
0.21504340630142693
0.2680774055060899
0.02734540349037165
0.12434090328673444
0.0890078980917372
0.2395236546006906
0.27427962370419784
0.015737641307966066
0.22831242893223627
0.14730976770440052
0.223469354687792
0.1342327456645379
0.18458718932360008
0.2182260524261816
0.2689836780615376
0.015425552358269506
0.1287431389634829
0.16853320498680388
0.17088956432530256
0.16604374453070636
0.11582176251349813
0.15790353789345732
0.16815340337859425
0.1244940903356331
0.0892317597249318
0.18636733820602086
0.09623469533593537
0.1259994946102472
0.07459228187553946
0.13372669396079906
0.18749923954063044
0.008453054410673067
0.2228642227846012
0.12803988275022274
0.215653434496149
0.20225215143687447
0.1467679819079023
0.13554488743009246
0.07818965614372353
0.17416364348315022
0.17262646498893158
0.24163334874190212
0.2599313108465839
0.12279826590339768
0.25571968799687267
0.18725242175390777
0.19304966760201353
0.036497425205189726
0.16519666069151767
0.13040129994189045
0.14932629252239443
0.21159720863533776
0.14102336832528847
0.22077866671534893
0.13793021826415955
0.08148166041134247
0.1583177685777269
0.09116292154486477
0.2264404911230241
0.0758544451342138
0.13279402853641362
0.09859462287491036
0.10140102616512653
0.17904509517655018
0.12019866406948324
0.05408641418904653
0.19781529415230031
0.1856039026389834
0.08874801649598812
0.0861125196166922
0.06711904618981793
0.18999592655023134
0.11937942878506255
0.19287313951068433
0.18540303300291758
0.2276962568800458
0.07134049872099194
0.2716941891503229
0.2080893197285658
0.14321151396073908
0.09177229468282239
0.05812674160104503
0.1605634251273134
0.04967341969820285
0.089356166554964
0.1577921716191295
0.14750764134389197
0.19259005402890916
0.18423490553706348
0.1218810160945662
0.24076753684140514
0.2178558936096766
0.24995098688311726
0.08494050859743402
0.10273138156079026
0.19052506678705525
0.15079913040233528
0.03477560929290491
0.20967223982021183
0.10332758743229625
0.05636215197429134
0.1049957158390172
0.08004901232385589
0.13377199515112376
0.23766316107211533
0.05027743237935517
0.2095581253232458
0.17470236376430037
0.12260458102410984
0.12695325729556164
0.1219829489952502
0.19989436133268718
0.05971900410669839
0.2007689932071151
0.13530916141748323
0.15460312493690845
0.1291635324159381
0.2528376541664088
0.17348936843431095
0.21155920348300994
0.20816031118713757
0.18712841129914587
0.11296783134927271
0.08169745609693219
0.0739117050743697
0.0900528680443119
-0.002098096311802189
0.10178062332605345
0.13245440451264318
0.18448306704801326
0.16050829798835423
0.2104450198275432
0.21862507652350738
0.17259550504993143
0.21292010059852387
0.2281494906846726
0.2724188265908708
0.24251765528395464
0.13625871554687746
0.2016140045471709
0.21927808863829767
0.1623414998420893
0.1660990094133091
0.2802889083444886
0.16691082039766686
0.2019675299284805
0.07354090666941396
0.17101841018130212
0.25829477836787257
0.1137298961900729
0.1604966707638319
0.0761493035311255
0.21998599055866383
0.18730239262590645
0.08677525273189851
0.10850244701178452
0.16621234497023646
0.14200584584662465
0.08155532921984876
0.0030671866418706673
0.23169443994612005
0.15438359610366661
0.15544515668643855
0.1989486370523862
0.15720489354837644
0.10357425668240619
0.1479450561893147
0.19439521869088153
0.17509832187048302
0.13387998192441256
0.06437569080285954
0.20376294984351823
0.16010704670601467
0.12185595436652386
0.17610543136749993
0.1453468730702006
0.15749420718614784
0.08673694615254945
0.15729834695413344
0.11461548773815056
0.1611703981495466
0.26004150152519434
0.23100590974656
0.17927283512857162
0.15824306948945585
0.23358764959496306
0.2501070628849502
0.13901637279874174
0.07037155141822282
0.21378842701546927
0.06381803729201388
0.16333862562579995
0.23040429932636916
0.254984454589111
0.06722551993621326
0.034008212715797265
0.21215748166585638
0.0991487457473843
0.09661299164337744
0.09446466565468409
0.19170792258077132
0.1588892551217843
0.17555056454386347
0.10602038849360454
0.22122234968660667
0.20541051370339705
0.2385899845896115
0.17607242056905742
0.22852715182636557
0.2531650979426773
0.20463411569776685
0.1724739717674542
0.19016241732304873
0.06444114614089752
0.12648200371674867
0.11509626754958319
0.057141177788188835
0.06057397446519547
0.16340894587115593
0.12792864581008792
0.11058176159524319
0.21016324058738595
0.20956941433071866
0.07546116405239103
0.08953100145502146
0.16381236225658724
0.09406846889924095
0.20424306088479413
0.22127062215268084
0.2356408727804452
0.16682427814558273
0.0714557982985965
0.137712654085144
0.18999828239604893
0.13838161359882875
0.2002512000100052
0.26088144044324935
0.009317090282256496
0.17895269382455253
0.13500434482059667
0.11971621878882283
0.12994167817034108
0.14989136020113478
0.18844100691373072
0.10962387428917625
0.16888675649855117
0.12580913262500937
0.16721299374903528
0.03895566532344627
0.17343517108425757
0.09125850388283577
0.04664370918619945
0.16174744854766812
0.19882077817877
0.13078250458113763
0.1926211397438543
0.1048229905182187
0.07708865178864954
0.2476823403047809
0.13656067526131666
0.22125136780682492
0.16758670250106636
0.20263661215455173
0.16601218658536301
0.06847739434313668
0.12946419284163785
0.2516148855772813
0.09359025549526898
0.1901748686171065
0.06350630542530292
0.17995134952618008
0.1015837088203062
0.17286440596751113
0.2087633667114041
0.11337340856458333
0.05510927843818164
0.1578468159856665
0.14669687107472973
0.1697102869487405
0.04729826217002353
0.13802614148939915
0.1308961149151544
0.23660675686851754
0.21675805136632953
0.14228683979776477
0.1743988197890529
0.27406185099342195
0.22682819436896745
0.16605939151987126
0.22949105833489947
0.20151062294107977
0.23236234217576535
0.15401040852666698
0.14659269341430925
0.2561841075750916
0.17711223291847633
0.2021039975564936
0.13344311673524295
0.18802415490484112
0.16087251211771073
0.007584965959329143
0.20124158353709376
0.11934944350512053
0.17982994443181594
0.08414854318419779
0.21796990718926695
0.1718960523374971
0.23301688376327123
0.08028977719277411
0.0960479377620424
0.2000009463501676
0.1504260230738034
0.23127483669743734
0.10576120764174052