2.083025911817646403e-01
2.760351648725913876e-01
2.082872402808489676e-01
2.620118963757327446e-01
1.436940626926042908e-01
1.859856934187407163e-01
1.609440122187931199e-01
2.671059353754452470e-01
2.293559331033024062e-01
8.839009357146604406e-02
1.693598688282993425e-01
2.408970192399569610e-01
1.935299853378321389e-01
1.968033024031278777e-01
2.395948527741411094e-01
9.439156985594951421e-02
2.097027982432351778e-01
1.209365806999536108e-01
1.522236633680420781e-01
1.862275580791442064e-01
1.941064975823280636e-01
1.194674611803802078e-01
7.512127537121185417e-02
2.335569760980826248e-01
5.847623187505970876e-02
1.878479331071812031e-01
2.111521230259175430e-01
1.404879971288835738e-01
2.372523155973727538e-01
1.991420723495505585e-01
2.344451119196670763e-01
9.856094011423699452e-02
2.158679520035652333e-01
2.188312641884766208e-01
1.827144542877768563e-01
1.547693556323439801e-01
1.764197768261277222e-01
2.115773549916867002e-01
1.876690088295598913e-01
2.417234640338717377e-01
8.460787528360980136e-02
1.148833771792985847e-01
1.396094702504205032e-01
1.609761262100165846e-01
1.755669315984243750e-01
7.933790006185073573e-02
7.290954168515162426e-02
5.897946741360629574e-02
1.255207765214509663e-01
7.884941492498612203e-02
3.515001711357912395e-02
3.014486363216720699e-01
1.320333918707892462e-01
1.231797854781896406e-01
1.572925182361233909e-01
1.083038598387447704e-01
2.677384333463151411e-01
2.344031955794962097e-01
2.724963646383667393e-01
6.605303097061859807e-02
1.925732964540241288e-01
2.288624888271055258e-01
2.735624550623835805e-01
7.276019409797493398e-02
1.921940249686809321e-01
2.099210297711848749e-01
9.961076980358440913e-02
6.483869477887677091e-02
1.323057835109724412e-01
9.444662907378575945e-02
1.632024240126202508e-01
2.280276827908850890e-01
1.230041273891207265e-01
1.826840774879552320e-01
1.714904453105873805e-01
1.278468585472878338e-01
1.799776185215263835e-01
2.251185181382222844e-01
9.866707337051067173e-02
-1.146192960926342708e-02
1.684688311634255642e-01
1.206718363882748057e-01
2.115700080100145763e-01
1.203475159896796876e-01
1.579045043042442420e-01
2.218274939988171823e-01
1.856880721955187497e-01
1.258748279624043453e-01
1.502761723421942031e-01
1.185943900053162414e-01
1.691581789082010068e-01
1.040832708496963743e-02
1.194498597226649195e-01
2.117750403508012469e-01
1.466410964722849042e-01
9.248547352679689637e-02
1.126988088709129365e-01
1.549627170537459242e-01
2.175844115586385852e-01
1.397043665635109566e-01
2.385072273755641792e-01
1.487613255066048690e-01
1.815244354596677878e-01
2.743964463425766498e-01
2.259866247296259956e-01
1.057022949874895368e-01
1.110949226245496746e-01
1.290137883584120404e-01
1.210734415230388938e-01
2.696764454199558347e-01
1.380485181243303050e-01
8.538103534191876509e-02
2.739690319430361787e-01
1.224072402752523492e-01
1.393172141592066149e-01
1.667272393974646993e-01
1.960409592313191174e-01
1.223211925475522766e-01
1.088056696965122305e-01
2.021520357531137180e-01
2.769281484376400204e-01
5.023633949488809369e-02
6.498734683522666700e-02
1.124829339846290244e-01
8.652745019855381803e-02
1.012934248763168732e-01
1.665665947565162508e-01
2.256638201118155995e-01
1.442426720148320129e-01
2.634184646968227295e-01
1.038182589343186746e-01
2.215451070942788259e-01
1.314846494898920526e-01
2.293145905636226611e-01
1.691669581390790045e-01
1.205498919727198415e-01
9.208345265080186692e-02
2.649113636383264025e-01
1.406530429559837148e-01
1.489107932938260881e-01
1.157946683198569915e-01
1.401669127518095914e-01
1.167172013613081427e-01
1.803568691388959810e-01
1.447069452469267881e-01
6.415267127886797871e-02
2.196172616563157876e-01
1.889910514414050169e-01
9.800336817673307999e-02
1.427019349199418197e-01
8.862388511322397133e-02
1.105359909400229212e-01
2.122217328588703045e-01
1.909740043583435243e-01
1.626704431940739770e-01
2.304444360270476722e-01
1.691015340300544567e-01
1.294863916634700352e-01
1.770007475785066453e-01
1.988507221704867434e-01
1.548023156372033138e-01
8.878159037301511236e-02
2.501619865429441925e-01
4.276093779668302397e-02
7.323364966402345910e-02
9.414675385062865054e-02
1.686140394736827530e-01
1.753201111876283580e-01
1.821807827519563716e-01
1.891344090742914374e-01
1.634383792578620043e-01
1.725936074400773457e-01
1.318009995402680545e-01
1.707204642199124378e-01
1.787252098659270205e-01
7.960939172698250355e-02
1.383427909127074584e-01
1.776497640143924750e-01
8.139566016460458853e-02
1.465945431388250841e-01
2.078072083926854607e-01
1.578867835406510545e-01
9.486580473409977898e-02
1.753827053792920143e-01
1.056721334974631277e-01
1.557788670791852570e-01
1.332631705845899739e-01
2.266135573164639316e-01
1.968697046355325497e-01
1.634535345321222188e-01
2.193025486204853158e-01
9.580370266795895651e-03
1.415440869367094179e-01
1.110222181660299734e-01
2.482031284807763027e-01
4.199043300567364967e-02
1.597984320911255696e-01
2.058066497393960526e-01
1.956923007884976695e-01
8.836068954086895300e-02
1.126256980997588641e-01
7.082945245600999473e-02
5.943199517084246652e-02
1.631457787232756529e-01
1.261411635469728287e-01
7.372728312084139701e-02
8.790968640560850589e-02
1.275549508728408554e-01
1.529964367856735119e-01
2.134266960159916515e-01
1.879337441264624098e-01
1.671492799470291890e-01
1.260414182923909054e-01
8.165494104907181083e-02
8.677612364894343733e-02
1.681667903351355409e-01
2.363894544691609312e-01
1.738467702253783109e-01
8.272655434652351203e-02
8.670656191624834253e-02
1.305975483455505126e-01
1.011704106441821405e-01
1.006252843967173627e-01
2.180922961606604482e-01
1.690645822803152898e-01
2.244680936549399153e-01
2.100720498056303231e-01
1.087141993555398867e-01
1.143421559093633355e-01
1.091091718741771244e-01
1.118693237246699557e-01
7.022643478385948157e-02
1.276291342828708153e-01
1.175091028019270567e-01
1.051570241676683670e-01
1.740446785817814923e-01
1.210942360275072127e-01
1.913422910716368885e-01
2.120948791260964528e-01
1.220336565606148505e-01
1.819632394614340842e-01
2.546551465558256622e-01
1.893038245763511429e-01
1.350318544562182921e-01
2.564559981487319895e-01
1.297349641556772015e-01
1.378504966153795697e-01
9.526362013196609801e-02
2.004957837967248913e-01
2.219513793946683577e-01
2.764691087278215442e-01
2.197144334133046550e-01
9.507362886726666851e-02
1.381917773531892435e-01
9.158789781149859199e-02
1.668453442065995773e-01
1.709059653994224881e-01
1.873672725712337561e-01
1.155945496154311691e-01
2.269277587355410519e-01
1.729318356648439914e-01
2.108954008612344833e-01
7.031445828232024686e-02
1.323764824674522611e-01
1.898075891251497782e-01
1.623777293655092879e-01
1.897315909413793966e-01
5.234817258526686112e-02
9.350044310339336584e-02
6.575576794430768035e-02
2.125852064161626864e-01
2.186968015876015747e-01
1.581871565069384589e-01
1.338173572540969358e-01
2.106236996754842217e-01
2.229363103928989620e-01
9.465927452316061363e-02
2.253585013970464956e-01
2.835396672425955500e-01
2.848358867354139901e-01
1.209244614716149802e-01
2.151080699571851496e-01
1.681587219968082025e-01
1.764568387069835598e-01
1.834336551491649314e-01
1.691473240293230040e-01
8.562664624463151020e-02
1.440561462466169451e-01
1.711797218783581709e-01
2.889994083165137728e-01
2.351969753260726992e-01
1.914569131970197957e-01
2.838967250151643307e-01
1.729678851579343757e-01
1.119303797105198339e-01
9.631262203738100158e-02
2.556149811501240432e-01
2.372012661887461515e-01
1.204470838599724647e-01
9.654637618938180510e-02
2.638464475329093117e-01
1.182281814413917997e-01
1.579200373794739098e-01
1.628092008375703614e-01
1.491499616311996457e-01
2.532807409761018702e-01
1.674777525374966658e-01
2.112155703293330800e-01
1.926649678582748326e-01
7.712589896695576375e-02
1.274832077675508990e-01
1.581065277788595569e-01
1.531643592944995358e-01
7.805102567177163442e-02
2.125333157160519681e-01
2.169152328909121075e-01
2.051408840857933402e-01
1.150912611681105535e-01
1.032928123295431544e-01
1.647066783621350394e-01
1.440618669230885884e-01
1.376266421177429478e-01
1.467873137816178841e-01
4.220548316016822787e-02
1.336088167746572741e-01
1.266791179533396094e-01
1.660930421534094203e-01
1.682797449741489926e-01
2.447252764979366280e-01
1.479807548691748909e-01
1.948104625511727916e-01
2.114019257426291154e-01
1.458088515498023319e-01
1.890324941410604642e-01
2.043798228531466532e-01
2.272085795109128337e-01
1.827046623067590803e-01
7.734650021584540958e-02
2.614474091452098636e-01
1.777589874483922472e-01
2.223250771603289544e-01
1.656113526229675836e-01
1.851609440674006624e-01
9.568814505015471594e-02
1.690358143427811155e-01
1.304237556008413512e-01
1.308978329011857011e-01
1.202956670507084880e-01
6.541017467459553369e-02
2.037995666566253528e-01
3.909731423277737483e-02
1.885053522717216601e-01
1.487964938353361077e-01
9.136697691951245481e-02
7.935145854051789405e-02
2.688203291668108674e-01
2.284192001301306729e-01
8.260937652853947433e-02
2.725272279063161163e-01
9.901692872915332511e-02
1.274145461837908333e-01
2.350441569184444912e-01
2.133077511725693376e-01
1.586996588595026569e-01
1.753377230828572497e-01
7.697799436411104090e-02
2.791888331954328617e-01
1.118233405669306901e-01
1.300716670946149289e-01
2.063480933795694972e-01
2.368085973714028347e-01
2.048345462159205654e-01
3.755271673815818723e-02
1.670162539842575400e-01
2.067939628985737688e-01
9.524788691868035784e-02
1.158527228505702722e-01
2.178218434214824195e-01
1.153439056944403629e-01
1.800095118491739921e-01
2.715568559879536492e-01
2.175013642253658952e-01
1.951605350392449922e-01
1.608693877489683899e-01
9.835005376885502804e-02
6.718070712813484224e-02
1.153579533232218790e-01
2.114166732903569046e-01
1.945910734892244698e-01
2.209615903678293913e-01
2.698864062618679949e-01
2.132748040898868602e-01
1.154497534063573250e-01
2.384589822760134203e-01
1.074133321412949482e-01
1.705836550400932072e-01
5.641952077329695503e-02
9.189848504996003808e-02
2.181501138556569686e-01
2.328095758175993679e-01
9.291086138925125359e-02
1.962747392779566891e-01
1.338757825802797952e-01
1.884646102547566371e-01
2.394335596247619824e-01
9.035564356841122025e-02
3.487891258259756544e-02
1.273773723339838848e-01
2.594567618394302277e-01
2.145451191003023284e-01
1.821992183451308089e-01
1.745292549073962085e-01
2.225345097147868323e-01
4.612418009252197693e-02
7.772050790947040988e-02
1.210188200311875517e-01
2.031779593908409898e-01
2.101225210501624086e-01
1.351204701908366723e-01
1.957188949050432114e-01
1.193018288038271701e-01
5.910574445490118789e-02
2.526274601090747196e-01
1.015419807118733697e-01
8.582791107297343958e-02
1.029540031739309414e-02
2.371519886561075374e-01
8.031095081509376232e-02
2.568139255791725972e-01
1.124401723081661919e-01
1.881223588542578762e-01
2.491811840421479518e-01
1.626522973620599666e-01
9.404727059437584247e-02
2.013747866461612079e-01
1.037424787633629830e-01
1.861284927071122364e-01
1.152171600916100935e-01
2.092375108389784022e-01
1.559863782567889601e-01
1.260145924292389308e-01
7.146052072805478272e-02
2.775214411792791269e-01
1.862704970378190050e-01
-1.879433518978845807e-02
1.475943155749169788e-01
2.434395820634897845e-01
2.169163224936416501e-01
1.381708014995152445e-01
1.541558409358859127e-01
1.595702876522900326e-01
1.079812244218655293e-01
1.669570451878239215e-01
2.477513531307228289e-01
1.835135372396930198e-01
1.612512031886957908e-01
7.560045074272075949e-02
6.253135432913450864e-02
1.477451336156061779e-01
8.537801679245909936e-02
2.178752212886908290e-01
1.862190001352878321e-01
2.795682431253385114e-01
1.679891231882537639e-01
1.662583222531911487e-01
5.732375089459135209e-02
1.665007448901201781e-01
1.341110085224022919e-01
5.804544153254950767e-02
1.340768258735727525e-01
2.446743180732667278e-01
1.734843570905280075e-01
2.308092501570302435e-01
1.696024261546716927e-01
9.008522153173748048e-02
1.398447544757504268e-01
1.687591877830163234e-01
1.553594892610221101e-01
2.724963646383667393e-01
9.660549499903303694e-02
1.464013995820436231e-01
2.266835440996619322e-01
1.684275173169272055e-01
1.378817274570938722e-01
2.202470240013592317e-01
2.860105058102807574e-02
1.660353999666095426e-01
1.835318786309497463e-01
8.855261152093218957e-02
2.453182552916789438e-01
1.298849405549813429e-01
5.983691997353121628e-02
1.338608551699984328e-01
2.024810686653221170e-01
1.605450394178577211e-01
1.281881420875433664e-01
2.065959130208899208e-01
1.778738571467633756e-01
1.122510418426972967e-01
1.348775947248982976e-01
1.691691602102124437e-01
1.880232430477272454e-01
1.275263622976770539e-01
1.693934083298488380e-01
9.160170121499880413e-02
8.701844979017270276e-02
1.761689975233114713e-01
2.309628804737577368e-01
2.008798366408603153e-01
1.041395447309409472e-01
2.095208601443388496e-01
5.612530334606441462e-02
5.285534092450702714e-02
1.368007077175462105e-01
6.082544489536009791e-02
1.695750674172243622e-01
6.661446749472871298e-02
1.386004914147662137e-01
1.468358641331276027e-01
2.193463998587429353e-01
1.619270442723995951e-01
1.920213600033813806e-01
2.205072248436976412e-01
8.426579009477461191e-02
2.216940716171462156e-01
1.620262124772401391e-01
1.282910818929185737e-01
2.226784585292064522e-01
2.010496728128831623e-01
5.547134622069591070e-02
7.179070665056019873e-02
1.737590811187645079e-01
9.867012976201267049e-02
1.630889340913657115e-01
1.848817808755475189e-01
2.028200317201876990e-01
1.501439312317769947e-01
7.904089312014062063e-02
3.819011884842013482e-02
2.081726760643358431e-01
7.627754638158651401e-02
1.835415888381440597e-01
2.027932133795840031e-01
2.151076089018794102e-01
8.257288501919693435e-02
2.118374583615193762e-01
2.084272572629986553e-01
1.678119873137554896e-01
1.897661764836988119e-01
8.240082638945522842e-02
8.665817187663188426e-02
1.033381378592923283e-01
1.728457869895219934e-01
1.413406872865156649e-01
1.716284816177626182e-01
2.630638352796854651e-01
5.086841501747749184e-02
1.702778947020872624e-01
2.090653494062686135e-01
9.654157376327160422e-02
3.242768882607632852e-02
1.678278658581822680e-01
2.851167113210458792e-01
2.406713734280201689e-01
2.218649055907351286e-01
2.725529228400608295e-01
2.427437597990141915e-01
1.398084808054632644e-01
1.772483289125413586e-01
1.637668416074921085e-01
2.124852415508093895e-01
2.125825105069424625e-01
5.923077824780476064e-02
1.139660479574343965e-01
1.960373910763654193e-01
2.599202536136523412e-01
1.233153709664213948e-01
2.221738577868233588e-01
2.264250910807739936e-01
1.818814521878483192e-01
5.693592447419351665e-02
2.158691307626278144e-01
1.188553513539037099e-01
1.423716286420555199e-01
7.303519834579710879e-02
2.119726180473444910e-01
1.527406975705758729e-01
9.144674199358848732e-02
6.803570806704981044e-02
1.813399977068333169e-01
2.092346782620497780e-01
5.760829971379882730e-02
9.300346452262536756e-02
6.340096225203448177e-02
9.496063710412844250e-02
2.008256061900164924e-01
1.530076625863927842e-01
1.433345579635902645e-01
6.045603547645486686e-02
-6.789208824002357368e-03
1.839464535388491973e-01
2.235542898873876250e-01
2.137129690234427781e-01
1.353024600118144516e-01
1.667709059503450497e-01
2.719224843920761692e-01
1.331382179970981849e-01
1.399516708019075129e-01
1.224245679759244643e-01
1.244098046224453302e-01
1.952587716531976880e-01
2.575123217038317591e-01
1.216783022294489203e-01
5.355754340275944991e-02
2.172769429607565861e-01
1.807160110336749337e-01
1.406109577033296809e-01
1.021789288048260969e-01
1.663369876220062160e-01
1.028305808159944990e-01
1.250607607372574148e-01
3.012164137317880352e-01
2.308365702848844403e-01
1.042335103346199443e-01
2.078511353355854963e-01
2.503319649702893668e-01
1.005353049301007107e-01
1.669950886898427522e-01
2.224469756674517518e-01
5.776472058519432906e-02
1.837415093742884309e-01
1.776232844118789678e-01
1.669611611233583481e-01
8.734941621538522272e-02
1.520703603049355923e-01
2.334421044749797058e-01
1.296441559231907570e-01
2.362289073419045204e-01
1.157716752101912439e-01
2.747915235214361540e-01
1.189071086843038194e-01
1.731880644870004149e-01
2.471325294144923190e-01
1.938995214729655192e-01
1.010961716156276169e-01
1.981239596084847787e-01
2.905640387376520195e-01
2.248039935774461540e-01
9.686953915906904022e-02
1.908762646767976912e-01
8.870323027154775053e-02
2.917820628913978531e-01
1.541337212183721550e-01
1.991662593217037869e-01
6.647574320797822178e-02
3.028130903519407613e-01
1.634264017953458992e-01
1.457211253917406746e-01
1.455403324693433920e-01
2.399480165302964874e-01
1.331560868599450664e-01
1.157933309000386268e-01
7.332199069567835181e-03
1.619289122913128431e-01
1.137257486922775007e-01
8.730924384471930311e-02
1.350491990299337863e-01
1.530651459314681939e-01
1.024791033688145780e-01
2.014650158045040995e-01
2.834810413837473009e-01
1.595800673207755371e-01
2.572483971045074203e-01
2.061925592095769089e-01
8.116153865178346583e-02
2.585724873285639713e-01
2.294380306287549520e-01
1.802187265775593017e-01
2.632572140939649641e-01
1.712476892143266483e-01
9.219176445829654898e-02
1.250494003751104199e-01
2.200484952274372741e-01
1.820022939407738571e-01
6.186344139792701591e-02
1.029960771367224304e-01
2.150434063014269315e-01
2.680774055060898831e-01
2.734540349037165030e-02
1.243409032867344444e-01
8.900789809173720313e-02
2.395236546006906109e-01
2.742796237041978391e-01
1.573764130796606597e-02
2.283124289322362721e-01
1.473097677044005183e-01
2.234693546877919990e-01
1.342327456645379113e-01
1.845871893236000760e-01
2.182260524261815937e-01
2.689836780615376122e-01
1.542555235826950644e-02
1.287431389634829115e-01
1.685332049868038806e-01
1.708895643253025565e-01
1.660437445307063609e-01
1.158217625134981277e-01
1.579035378934573186e-01
1.681534033785942461e-01
1.244940903356331063e-01
8.923175972493180286e-02
1.863673382060208605e-01
9.623469533593537184e-02
1.259994946102472035e-01
7.459228187553945677e-02
1.337266939607990590e-01
1.874992395406304413e-01
8.453054410673066510e-03
2.228642227846011903e-01
1.280398827502227388e-01
2.156534344961489880e-01
2.022521514368744722e-01
1.467679819079023007e-01
1.355448874300924644e-01
7.818965614372352935e-02
1.741636434831502211e-01
1.726264649889315828e-01
2.416333487419021209e-01
2.599313108465838851e-01
1.227982659033976798e-01
2.557196879968726688e-01
1.872524217539077718e-01
1.930496676020135305e-01
3.649742520518972633e-02
1.651966606915176716e-01
1.304012999418904528e-01
1.493262925223944326e-01
2.115972086353377635e-01
1.410233683252884729e-01
2.207786667153489313e-01
1.379302182641595487e-01
8.148166041134247140e-02
1.583177685777268917e-01
9.116292154486477228e-02
2.264404911230241124e-01
7.585444513421379931e-02
1.327940285364136164e-01
9.859462287491035926e-02
1.014010261651265288e-01
1.790450951765501786e-01
1.201986640694832353e-01
5.408641418904652776e-02
1.978152941523003139e-01
1.856039026389834090e-01
8.874801649598812459e-02
8.611251961669219579e-02
6.711904618981792692e-02
1.899959265502313421e-01
1.193794287850625524e-01
1.928731395106843272e-01
1.854030330029175777e-01
2.276962568800457998e-01
7.134049872099193501e-02
2.716941891503228956e-01
2.080893197285658136e-01
1.432115139607390841e-01
9.177229468282238622e-02
5.812674160104502885e-02
1.605634251273133917e-01
4.967341969820285308e-02
8.935616655496400607e-02
1.577921716191295065e-01
1.475076413438919654e-01
1.925900540289091634e-01
1.842349055370634814e-01
1.218810160945661969e-01
2.407675368414051442e-01
2.178558936096766097e-01
2.499509868831172599e-01
8.494050859743401682e-02
1.027313815607902581e-01
1.905250667870552472e-01
1.507991304023352797e-01
3.477560929290490765e-02
2.096722398202118254e-01
1.033275874322962529e-01
5.636215197429134127e-02
1.049957158390172063e-01
8.004901232385588927e-02
1.337719951511237571e-01
2.376631610721153254e-01
5.027743237935516918e-02
2.095581253232458030e-01
1.747023637643003724e-01
1.226045810241098433e-01
1.269532572955616445e-01
1.219829489952501955e-01
1.998943613326871760e-01
5.971900410669839232e-02
2.007689932071151095e-01
1.353091614174832258e-01
1.546031249369084482e-01
1.291635324159380871e-01
2.528376541664087984e-01
1.734893684343109532e-01
2.115592034830099388e-01
2.081603111871375700e-01
1.871284112991458692e-01
1.129678313492727126e-01
8.169745609693218613e-02
7.391170507436969905e-02
9.005286804431189562e-02
-2.098096311802188918e-03
1.017806233260534488e-01
1.324544045126431757e-01
1.844830670480132606e-01
1.605082979883542260e-01
2.104450198275432116e-01
2.186250765235073779e-01
1.725955050499314303e-01
2.129201005985238704e-01
2.281494906846726067e-01
2.724188265908707995e-01
2.425176552839546362e-01
1.362587155468774625e-01
2.016140045471709052e-01
2.192780886382976746e-01
1.623414998420892874e-01
1.660990094133091011e-01
2.802889083444886076e-01
1.669108203976668592e-01
2.019675299284804937e-01
7.354090666941395793e-02
1.710184101813021218e-01
2.582947783678725684e-01
1.137298961900728989e-01
1.604966707638318946e-01
7.614930353112550621e-02
2.199859905586638298e-01
1.873023926259064498e-01
8.677525273189851118e-02
1.085024470117845197e-01
1.662123449702364586e-01
1.420058458466246509e-01
8.155532921984876005e-02
3.067186641870667252e-03
2.316944399461200454e-01
1.543835961036666149e-01
1.554451566864385459e-01
1.989486370523861902e-01
1.572048935483764398e-01
1.035742566824061905e-01
1.479450561893146943e-01
1.943952186908815272e-01
1.750983218704830202e-01
1.338799819244125555e-01
6.437569080285954204e-02
2.037629498435182263e-01
1.601070467060146663e-01
1.218559543665238554e-01
1.761054313674999261e-01
1.453468730702006106e-01
1.574942071861478443e-01
8.673694615254945450e-02
1.572983469541334445e-01
1.146154877381505566e-01
1.611703981495465898e-01
2.600415015251943407e-01
2.310059097465599898e-01
1.792728351285716171e-01
1.582430694894558509e-01
2.335876495949630594e-01
2.501070628849502153e-01
1.390163727987417386e-01
7.037155141822282189e-02
2.137884270154692679e-01
6.381803729201387942e-02
1.633386256257999547e-01
2.304042993263691608e-01
2.549844545891110092e-01
6.722551993621325717e-02
3.400821271579726468e-02
2.121574816658563789e-01
9.914874574738430368e-02
9.661299164337744383e-02
9.446466565468408794e-02
1.917079225807713228e-01
1.588892551217843119e-01
1.755505645438634743e-01
1.060203884936045393e-01
2.212223496866066730e-01
2.054105137033970518e-01
2.385899845896115035e-01
1.760724205690574196e-01
2.285271518263655710e-01
2.531650979426772752e-01
2.046341156977668496e-01
1.724739717674541872e-01
1.901624173230487269e-01
6.444114614089752058e-02
1.264820037167486699e-01
1.150962675495831866e-01
5.714117778818883497e-02
6.057397446519546813e-02
1.634089458711559251e-01
1.279286458100879209e-01
1.105817615952431887e-01
2.101632405873859466e-01
2.095694143307186563e-01
7.546116405239103320e-02
8.953100145502146390e-02
1.638123622565872406e-01
9.406846889924094790e-02
2.042430608847941309e-01
2.212706221526808403e-01
2.356408727804452097e-01
1.668242781455827328e-01
7.145579829859649568e-02
1.377126540851439929e-01
1.899982823960489342e-01
1.383816135988287510e-01
2.002512000100052092e-01
2.608814404432493461e-01
9.317090282256496048e-03
1.789526938245525334e-01
1.350043448205966723e-01
1.197162187888228257e-01
1.299416781703410795e-01
1.498913602011347768e-01
1.884410069137307242e-01
1.096238742891762485e-01
1.688867564985511716e-01
1.258091326250093678e-01
1.672129937490352825e-01
3.895566532344627020e-02
1.734351710842575722e-01
9.125850388283576753e-02
4.664370918619945017e-02
1.617474485476681212e-01
1.988207781787700024e-01
1.307825045811376319e-01
1.926211397438543083e-01
1.048229905182186950e-01
7.708865178864954260e-02
2.476823403047808958e-01
1.365606752613166552e-01
2.212513678068249168e-01
1.675867025010663591e-01
2.026366121545517263e-01
1.660121865853630141e-01
6.847739434313668272e-02
1.294641928416378485e-01
2.516148855772812887e-01
9.359025549526897580e-02
1.901748686171065017e-01
6.350630542530291689e-02
1.799513495261800822e-01
1.015837088203062066e-01
1.728644059675111255e-01
2.087633667114041081e-01
1.133734085645833334e-01
5.510927843818164140e-02
1.578468159856664943e-01
1.466968710747297289e-01
1.697102869487404908e-01
4.729826217002353062e-02
1.380261414893991512e-01
1.308961149151544046e-01
2.366067568685175371e-01
2.167580513663295294e-01
1.422868397977647692e-01
1.743988197890528891e-01
2.740618509934219516e-01
2.268281943689674507e-01
1.660593915198712578e-01
2.294910583348994670e-01
2.015106229410797700e-01
2.323623421757653462e-01
1.540104085266669753e-01
1.465926934143092497e-01
2.561841075750915797e-01
1.771122329184763311e-01
2.021039975564936086e-01
1.334431167352429504e-01
1.880241549048411176e-01
1.608725121177107253e-01
7.584965959329142970e-03
2.012415835370937600e-01
1.193494435051205282e-01
1.798299444318159357e-01
8.414854318419778823e-02
2.179699071892669537e-01
1.718960523374971072e-01
2.330168837632712320e-01
8.028977719277410885e-02
9.604793776204240130e-02
2.000009463501676021e-01
1.504260230738033999e-01
2.312748366974373415e-01
1.057612076417405178e-01
