0.11897204
0.14173447
0.10718932
0.13949291
0.11900358
0.12023853
0.13138784
0.13460554
0.14189872
0.09489358
0.10783067
0.13390703
0.0936266
0.11512916
0.13341631
0.11844454
0.13037848
0.10962078
0.11615989
0.105189025
0.15245983
0.08758079
0.05220358
0.13767248
0.14352244
0.09873158
0.11954584
0.11123241
0.12568665
0.12079261
0.106663175
0.10341234
0.13410658
0.14331432
0.1308497
0.12054273
0.07286121
0.116548754
0.11894034
0.12844655
0.1167246
0.12889925
0.12544663
0.12892349
0.10866782
0.095871404
0.11754155
0.115660414
0.12605743
0.1165631
0.11966122
0.15752348
0.14666402
0.110598676
0.122121885
0.08536276
0.11678225
0.12587638
0.14153498
-0.0024381864
0.12967694
0.13570946
0.1459602
0.11801399
0.15479165
0.11245313
0.12388479
0.114651956
0.11334875
0.09098162
0.14269948
0.115097515
0.12836003
0.12944297
0.10546537
0.15001348
0.13414311
0.11650848
0.14123844
0.089078896
0.1281918
0.11588981
0.1262597
0.11930392
0.1203886
0.12769145
0.14053734
0.11180564
0.13090351
0.11638173
0.114590414
0.08431419
0.15967603
0.1262921
0.13916257
0.12657106
0.09406125
0.12099659
0.118636616
0.0961921
0.13572127
0.11119266
0.1604246
0.120156065
0.11839372
0.11704067
0.103984214
0.13371997
0.11439335
0.13641673
0.14228399
0.11155711
0.14093171
0.10185859
0.14576316
0.13047458
0.13897856
0.058249075
0.11145333
0.13351546
0.14938326
0.079983495
0.0971883
0.11183159
0.095368445
0.12176404
0.12936442
0.12623562
0.10262234
0.117424645
0.11604614
0.13649033
0.11507605
0.16111125
0.114800885
0.1269343
0.1314161
0.14054772
0.124349736
0.13651519
0.08599522
0.105704285
0.124947816
0.12017473
0.10863659
0.12077026
0.117388345
0.14451969
0.11527328
0.105937324
0.118488155
0.11017201
0.13779011
0.09840354
0.120167814
0.15884423
0.1388192
0.10434052
0.1293651
0.0987452
0.12274383
0.053923734
0.11197602
0.10651462
0.09955942
0.11698881
0.11751987
0.123916365
0.110625125
0.10193075
0.14845335
0.12947546
0.10983428
0.13207324
0.13902321
0.11072634
0.10480441
0.12808003
0.11446693
0.14869918
0.11544123
0.11597367
0.10567091
0.11673658
0.10630791
0.13324375
0.13950314
0.12022595
0.11134595
0.11458605
0.1092734
0.036001623
0.029037703
0.1045967
0.11468153
0.09748112
0.078888945
0.11533334
0.12155592
0.11710084
0.13871285
0.08509021
0.10228971
0.045449533
0.1223565
0.097148925
0.09252041
0.022221714
0.16435152
0.113479316
0.15833014
0.107019715
0.1109067
0.102073096
0.12226225
0.14789554
0.14274758
0.13357534
0.12088475
0.11963296
0.112580866
0.09367565
0.098219536
0.118773155
0.10949392
0.11942073
0.104250826
-0.037772868
0.12130492
0.04874392
0.13388754
0.11206349
0.10257577
0.030328056
0.121777795
0.15212502
0.09380334
0.101468936
0.134668
0.11925605
0.109815635
0.1325007
0.084328145
0.10750945
0.15753862
0.12671901
0.12226195
0.1379622
0.09914265
0.12536855
0.15546803
0.11004543
0.10983589
0.14369784
0.11023376
0.10886838
0.10948508
0.054404084
0.12165215
0.10977128
0.1569076
0.12616257
0.08833581
-0.029314762
0.13284032
0.13081747
0.14601082
0.025977897
0.13370319
0.13917477
0.11763141
0.14266782
0.11532336
0.11873193
0.112325676
0.12941569
0.08091679
0.121205814
0.15051997
0.15839861
0.10928266
0.1300282
0.08814695
0.12888932
0.097332306
0.1278887
0.10991031
0.13534245
0.14632584
0.14273013
0.1310342
0.13537224
0.13478477
0.15901111
0.10170544
0.12838808
0.12151315
0.10636
0.13898821
0.096438594
0.106282316
0.11989097
0.15045603
0.12355758
0.0937113
0.15584762
0.12769748
0.13699457
0.13230173
0.113256596
0.12847106
0.12791471
0.108914755
0.095451996
0.13534972
0.11618453
0.10223534
0.12744339
0.11494237
0.11129835
0.1225321
0.12530716
0.061228476
0.103290126
0.10932468
0.12776473
0.13893248
0.10694719
0.14116587
0.110684246
0.13802704
0.11470299
0.12722243
0.11985784
0.12351532
0.12848663
0.15832445
0.07451602
0.1491553
0.11825621
0.11233475
0.12831606
0.10475448
0.101676606
0.13072124
0.14371662
0.10431789
0.05647269
-0.00286347
0.15118268
0.05348626
0.11485204
0.12562647
0.043007728
0.12622434
0.14460097
0.13729396
0.08700073
0.15948708
0.019783773
0.109207936
0.12969208
0.13817765
0.14040865
0.12658165
0.10410343
0.15818578
0.10781329
0.104518496
0.09530242
0.12841696
0.11718504
0.09037305
0.113098785
0.12986954
-0.03496616
0.06267804
0.12199148
0.13776498
0.1207101
0.15913011
0.11769669
0.13961066
0.10914792
-0.0028989085
0.13294998
0.14937937
0.11389529
0.12311346
0.13582449
0.12537411
0.14629099
0.014681566
0.12628275
-0.019027432
0.13877848
0.13750674
0.090504766
0.1591039
0.1097556
0.10318264
0.13865663
0.10853731
0.11725072
0.13394508
0.13472049
0.08673497
0.1160132
0.14600813
0.13544886
0.14677614
0.12076002
0.12595174
0.13939822
0.102195635
0.07823879
0.12208465
0.12052104
0.13560723
0.11378045
0.10139903
0.047588386
0.1283165
0.10733694
0.11179055
0.076495126
0.17454308
0.13039355
0.15555061
0.15967126
0.097552724
0.15197991
0.11878726
0.13655834
0.12729026
0.13937946
0.13087593
0.10340261
0.13472553
0.13224429
0.10668925
0.10603791
0.13377652
0.120034076
0.11432001
0.14181906
0.12728645
0.11589372
0.08927699
0.11487877
0.1014246
0.09718941
0.1178375
0.1258535
0.122529104
0.14398068
0.0790635
0.089650616
0.090660356
0.084939376
0.12953836
0.11494749
0.12371403
0.1011808
0.00888331
-0.01925896
0.11483987
0.13727938
0.09371454
0.11831814
0.14229855
0.11583551
0.14585136
0.10919551
0.06784424
0.109661296
0.121737175
0.10802163
0.13959557
0.13198306
0.12254962
0.11785384
0.14642996
0.09931862
0.124887675
0.13546434
0.13127911
0.12198296
0.11478285
0.043809395
0.070497125
0.1185937
0.11837802
0.11166603
0.13411747
0.12550314
0.14565058
0.13718519
0.13242804
0.14103983
0.088001646
0.121812664
0.11417939
0.10936064
0.10151971
0.027337164
0.11251496
0.14399225
0.12290792
0.10992997
0.13540678
0.07972396
0.09986564
0.10068332
0.096930824
0.13591212
0.09957816
0.042356737
-0.023188952
0.11571503
0.14066617
0.11042964
0.13112031
0.11935279
0.12734899
0.100258365
0.118832886
0.13354155
0.13336173
0.100630425
0.08358354
0.10064265
-0.013692868
0.10014781
0.13869376
0.10453929
0.09660531
0.083196975
0.114401445
0.13703604
0.10162642
0.17503794
0.12652455
0.10818752
0.08962004
0.13573518
0.1127087
0.10246731
0.11012376
0.09130359
0.1081695
0.090625346
0.1447833
0.12656201
0.113985255
0.1322251
0.1186132
0.10782606
0.10116114
0.07602261
0.12323796
0.14835861
0.124393776
0.134902
0.113596424
0.13959233
0.1217251
0.08671443
0.12798867
0.122445926
0.12234732
0.03152896
0.08358646
0.10941209
0.12915438
0.119628094
0.10129575
0.12524879
0.16911408
0.12964539
0.11956165
0.12242662
0.12141612
0.11148808
0.08932562
0.16350414
0.10778615
0.10858159
0.15377732
0.11113838
0.11249243
0.10819229
0.117771424
0.076656274
0.10534389
0.12802826
0.12135487
0.14880016
0.12653726
-0.0010142099
0.12927233
0.13611555
0.13765638
0.14159131
0.12052979
0.17958269
0.11652844
0.11086783
0.12651935
0.09837554
0.12795937
0.122784175
0.13091
0.097428404
0.09800855
0.15904689
0.11453907
0.13827093
0.10135847
0.13067825
0.08085059
0.13278519
0.14777663
0.10868687
0.11130487
0.10462388
0.091917835
0.13393676
0.10701463
0.08506318
0.10460544
0.120042756
0.10500557
0.114387915
0.09052889
0.11797965
0.078438304
0.15223981
0.08318818
0.15405941
0.13932414
0.15483688
0.12918596
0.12631701
0.11500703
0.12437048
0.1106518
0.11533127
0.11328316
0.13704719
0.10298106
0.15535629
0.038551886
0.15003489
0.07742589
0.15189017
0.10498512
0.11744243
0.13611344
0.12338808
0.14117134
0.108612925
0.09597218
0.106254354
0.1192117
0.13348368
0.117400974
0.12826169
0.10208212
0.12399337
0.13700339
0.11652135
0.08971613
0.14274083
0.1054995
0.1394416
0.124182746
0.107446715
0.12641564
0.12563515
0.11269177
0.124711424
0.1174586
0.110034816
0.101879135
0.14623928
0.12732364
0.15257414
0.108478226
0.12117902
0.10769981
0.13375188
0.13886133
0.09395839
0.13097344
0.1225846
0.1264637
0.10862149
0.11918407
0.15314111
0.15227342
0.097236454
0.13471171
0.09448502
0.11480121
0.1254635
0.13177676
0.110791236
0.122183725
0.10674628
0.12434834
0.13191316
0.12660372
0.13207243
0.13189815
0.1472733
0.13869831
0.07377109
0.14753538
0.14538369
0.13485043
0.11836564
0.13379149
0.08814924
0.121844344
0.12675981
0.11033864
0.12681276
0.14655648
0.11968799
0.14679861
0.13823207
0.13317557
0.1113584
0.12299312
0.14393914
0.15791392
0.124980114
0.10178933
0.12980433
0.1119304
0.06390433
0.11732756
0.13910902
0.13618214
0.09167639
0.113441214
0.14128517
0.103149295
0.15499006
0.13150151
0.09409975
0.11601595
0.13545358
0.118114434
0.020369267
0.09845595
0.13417846
0.14718391
0.11787493
0.12050346
0.12829995
0.14148135
0.12685068
0.14968008
0.11432731
0.094179094
0.11559637
0.13645312
0.074910805
0.122910775
0.13072918
0.113727346
0.13530827
0.119561456
0.095134206
0.11175602
0.160547
0.11443085
0.115477
0.07511363
0.109534696
0.10249683
0.10615314
0.14603817
0.115402214
0.11794867
0.123246826
0.124420226
0.1426663
0.14710821
0.08420373
0.15053461
0.11345998
0.107211694
0.090926886
0.11718804
0.11672763
0.09464448
0.12417348
0.1163746
0.10616419
0.11363645
0.13644846
0.11805397
0.10294241
0.14124301
0.10426026
0.1345536
0.10255622
0.09230174
0.11154394
0.0691145
-0.008829324
0.082317226
0.11372098
0.08314879
0.11465341
0.13549691
0.13567372
0.10899366
0.12029934
0.12687127
0.122164145
0.088440984
0.12178652
0.11655695
0.1208503
0.162269
0.14676869
0.10131887
0.13596864
0.0842477
0.12603787
0.1961883
0.09733721
0.108408615
0.10709152
0.16927874
0.055086568
0.118745334
0.090265915
0.13201216
0.13156757
0.10695054
0.098920986
0.11391495
0.10837251
0.10997758
0.15124708
0.11895491
0.08465113
0.14769119
0.12277039
0.11245576
0.11553236
0.013953641
0.116517425
0.12308251
0.09566148
0.10997251
0.13567957
0.12190986
0.071637675
0.13855971
0.12910391
0.11754575
0.12621738
0.13359423
0.10996999
0.14065751
0.12304329
0.14036952
0.10703553
0.101552285
0.12576829
0.09138621
0.11552996
0.12190701
0.1292983
0.099519886
0.09066665
0.13879076
0.10877603
0.13173093
0.10049761
0.12674303
0.12434074
0.14720215
0.13447547
0.1267442
0.12151176
0.13301188
0.11467378
0.1254477
0.10541453
0.12623951
0.12259323
0.11316423
0.07729804
0.13156186
0.15004061
0.09039355
0.06704119
0.11579927
0.12494356
0.10209594
0.105634764
0.13807908
-0.015181158
0.096677214
0.117190614
0.105788626
0.11190521
0.109472744
0.1389924
0.11728221
-0.005067093
0.14514826
0.13842098
0.12377485
0.11401695
0.16715017
0.08878372
0.12717344
0.11839251
0.12389958
0.12157227
0.09922448
0.13953073
0.10342544
0.1077083
0.05183185
0.106315985
0.086932495
0.11097428
0.11348392
0.12245325
0.13319911
0.1059629
0.12035078
0.12633292
0.105062075
0.10384659
0.14389206
0.12166047
0.12885597
0.10065917
0.113127865
0.12564084
0.119442746
0.14512776
0.14326012
0.109550536
0.13795988
0.010666357
0.13489634
0.0970198
0.12134521
0.12583677
0.10532812
0.055305272
0.022747973
-0.0019149347
0.14357159
0.09149511
0.121417455
0.12840395
0.11873005
0.13804752
0.09738069
0.11404874
0.15499523
0.14188276
0.1123074
0.13245192
0.13224061
0.11032235
0.1194051
0.14478981
0.13745888
0.10688432
0.15199654
0.083425425
0.14031202
0.12500422
0.107736446
0.1420969
0.055989485
0.1226463
0.11966263
0.09758298
0.11294686
0.11756918
0.13103543
0.12689322
0.11822237
0.095481835
0.15756328
0.12275937
