0.13727252
0.12259345
0.12234396
0.13554965
0.117579535
0.1053734
0.11318962
0.11041908
0.13471612
0.111918285
0.11105296
0.12902734
0.13972136
0.13614321
0.14041881
0.0
0.12720627
0.1562546
0.014682621
0.11195347
0.14955856
0.1215923
0.12499668
0.11953817
0.12287696
0.0717606
0.054457854
0.11377151
0.1487793
0.12506828
0.13455814
0.091558576
0.08529647
0.13791499
0.1323347
0.110789716
0.11427529
0.12901096
0.114215046
0.11042422
0.1286193
0.15365784
0.08526924
0.08901811
0.11534874
0.08440358
0.122963324
0.14708985
0.1268941
0.16104934
0.1330234
0.11237587
0.13179322
0.12110971
0.13618544
0.12217657
0.025983743
0.116911486
0.112970576
0.0998504
0.14008395
0.15609236
0.12961024
0.13893461
0.12082304
0.11118221
0.08334121
0.122116566
0.1400715
0.0
0.10214308
0.14148429
0.12353538
0.13042665
0.15115422
0.13655192
0.109975934
0.13891374
0.11132546
0.07664485
0.12755863
0.13864659
0.043034274
0.13491932
0.09574348
0.14040838
0.11397022
0.14452025
0.10976337
0.16252734
0.11709535
0.05187834
0.10812773
0.1399294
0.12225765
0.16498497
0.14581452
0.11811541
0.14562164
0.11441156
0.09445903
0.13730484
0.08822987
0.13434398
0.079893515
0.14471853
0.06276031
0.123043835
0.1195208
0.13989797
0.12907204
0.11201003
0.11278318
0.13475485
0.13458322
0.076806955
0.13959347
0.081094086
0.13495652
0.10519068
0.05397609
0.0
0.1534326
0.10164435
0.09764142
0.11504394
0.13675837
0.08015471
0.11982627
0.15117612
0.09437898
0.13054082
0.14553863
0.14689897
0.10729416
0.14494574
0.14223666
0.056532837
0.120237306
0.05514239
0.11772591
0.10825154
0.10971147
0.12916002
0.11591864
0.14001688
0.11521004
0.102029175
0.11653791
0.12242058
0.11057219
0.14783637
0.13652146
0.1571281
0.10786308
0.10743111
0.10844475
0.06399153
0.13321042
0.022751898
0.12611204
0.14818338
0.123150915
0.09877594
0.11213367
0.010666762
0.124817654
0.031539414
0.106685236
0.11856648
0.13268638
0.13624355
0.12683842
0.16371617
0.09924555
0.11343086
0.14052847
0.0750514
0.100484654
0.10744712
0.13469627
0.029045869
0.10901135
0.13215181
0.09565916
0.08695346
0.09905428
0.15167241
0.12859285
0.110199526
0.1413025
0.119350746
0.09946941
0.123147875
0.1222661
0.08931564
0.11293344
0.022225372
0.09559253
0.09164189
0.12635481
0.09256521
0.13474639
0.14980993
0.12758094
0.12195592
0.12753771
0.08102745
0.1265476
0.08557101
0.03033736
0.108156204
0.11281088
0.14835213
0.15241647
0.07525538
0.085144535
0.108206496
0.1049016
0.10351747
0.12725353
0.10572024
0.13450855
0.10545121
0.09517996
0.11448279
0.11930822
0.10633631
0.11551814
0.105140194
0.12590995
0.16037199
0.09649044
0.093951106
0.10963264
0.0
0.13431741
0.13867222
0.11225976
0.11048216
0.14364776
0.10890676
0.09989034
0.11727123
0.10166772
0.12982847
0.15331507
0.10904306
0.10589354
0.13529497
0.1395556
0.11881213
0.11489628
0.11975326
0.1102808
0.12144384
0.13741681
0.12336588
0.09698011
0.13301966
0.12566149
0.13734752
0.14862002
0.042382095
0.103347436
0.11824471
0.09091632
0.096907526
0.13989371
0.103783354
0.11817852
0.12696053
0.11006306
0.12435104
0.11853166
0.10150835
0.119874835
0.112930775
0.0
0.10223383
0.11618033
0.13037916
0.047624357
0.13737284
0.1263025
0.13553558
0.13681597
0.10906701
0.1349304
0.094767705
0.11708912
0.14430776
0.14729534
0.10859437
0.11110674
0.10585903
0.09075309
0.100972176
0.1165407
0.11895159
0.09175171
0.11383796
0.09955205
0.09577359
0.107752025
0.0
0.019786354
0.11999333
0.10999197
0.122331694
0.12720098
0.16873348
0.115958184
0.15160699
0.15050955
0.12287666
0.10823396
0.08715248
0.12215997
0.11482197
0.11877781
0.13267112
0.11560984
0.11230132
0.121352226
0.13374172
0.09990926
0.13459846
0.12786576
0.12482707
0.13014553
0.10636218
0.11708081
0.10603033
0.11143324
0.098723024
0.13644776
0.12338166
0.10665695
0.18155143
0.1363022
0.1069202
0.11887494
0.08989196
0.15673909
0.07745254
0.07905321
0.07390535
0.120936945
0.121777445
0.027343977
0.1763487
0.107096836
0.15235056
0.10715452
0.12673157
0.1104929
0.11800328
0.097738445
0.1154578
0.11671159
0.1049895
0.13226748
0.119570166
0.1470619
0.13567686
0.10242982
0.115188286
0.12536407
0.13142982
0.13017328
0.0
0.17092402
0.13254759
0.14618067
0.096268475
0.13855231
0.10059632
0.10792655
0.11439164
0.11798689
0.13969237
0.10979977
0.14254907
0.13884763
0.10824688
0.1302703
0.12026447
0.16086034
0.11509153
0.1037966
0.12499526
0.13787036
0.13009408
0.08837631
0.17685916
0.09278576
0.105579585
0.15886167
0.14306504
0.1255431
0.15316653
0.13357396
0.121478796
0.12603162
0.10573618
0.084447876
0.10991323
0.09123391
0.11412941
0.14035605
0.10291806
0.100838006
0.13542745
0.122018084
0.12709558
0.10177454
0.15346698
0.10170773
0.12273447
0.115588084
0.12724434
0.1163578
0.08620815
0.11545262
0.11564191
0.10964522
0.09398707
0.10259378
0.14701018
0.0848542
0.08951532
0.12238519
0.10285804
0.12353249
0.15952536
0.117060214
0.12269667
0.09407993
0.108119145
0.15027641
0.15967342
0.11454712
0.12326686
0.091934524
0.10972084
0.11704905
0.12662417
0.11518043
0.08452889
0.11482936
0.13112485
0.15974367
0.118320495
0.11538817
0.15662457
0.11860703
0.1414737
0.13452564
0.11299339
0.10221307
0.13560998
0.09087467
0.11365104
0.11010407
0.10422231
0.1395981
0.11490448
0.11124791
0.11668661
0.13696565
0.11806542
0.12130156
0.10580762
0.13437837
0.11182216
0.11536108
0.0
0.15924653
0.12320422
0.058315087
0.09906803
0.12361899
0.11623569
0.118387505
0.1552959
0.12563701
0.10676381
0.09723612
0.12316871
0.13041124
0.12878735
0.13786136
0.082503915
0.13428506
0.1137446
0.09832418
0.099647135
0.10228598
0.13838336
0.10243894
0.12814015
0.097544655
0.11809166
0.13572939
0.1206156
0.12501775
0.1145149
0.14469935
0.14786695
0.078399025
0.14489767
0.14023627
0.13380472
0.1477294
0.13187958
0.10883632
0.12596926
0.14680885
0.12109187
0.11915442
0.16194811
0.12690118
0.1269371
0.13912275
0.12463473
0.112447575
0.1280442
0.15081316
0.13218056
0.102984875
0.08956434
0.12798063
0.10942836
0.13931535
0.106719285
0.110881835
0.11904737
0.10606688
0.10920812
0.07061426
0.11866835
0.09064096
0.11041653
0.13404079
0.14327085
0.11515832
0.12414925
0.12798451
0.09117872
0.12075831
0.12749916
0.07616957
0.12697002
0.12370975
0.12194611
0.1086126
0.0
0.14784399
0.10707046
0.045480866
0.11578797
0.10539408
0.11641681
0.09769027
0.11202337
0.12744536
0.09390163
0.11497083
0.11176796
0.13967985
0.08451484
0.12846681
0.1437292
0.11583872
0.11772895
0.11027917
0.111139596
0.11773156
0.123070866
0.12962033
0.118935674
0.10643804
0.11690426
0.13696349
0.12839232
0.13916236
0.11703998
0.13988386
0.120470405
0.0
0.095422775
0.16585577
0.11752695
0.13657811
0.11632107
0.1201361
0.13617803
0.12801844
0.13549106
0.11240138
0.12012026
0.11165434
0.11933644
0.1202037
0.1437223
0.1499132
0.12691264
0.10930158
0.008883543
0.10656576
0.13976432
0.12629367
0.13853589
0.13076854
0.11584674
0.14499997
0.12912992
0.07922886
0.08867266
0.09090997
0.14826076
0.078599766
0.11950602
0.12277737
0.10293782
0.12616837
0.10355118
0.11796886
0.13173015
0.1366691
0.14134242
0.12726429
0.12062441
0.12721919
0.1476195
0.10500814
0.17075452
0.083779
0.107602686
0.12419216
0.15318355
0.055361763
0.11493428
0.117259085
0.12402004
0.104361445
0.11793205
0.0
0.10181934
0.14364621
0.15821464
0.08837862
0.12088475
0.1290278
0.10762532
0.13416089
0.089958005
0.14615972
0.1191742
0.103308365
0.143256
0.12918493
0.13629124
0.14749019
0.13204117
0.14705916
0.13397136
0.13833457
0.11077322
0.16046718
0.11136481
0.16049407
0.13572362
0.13439761
0.12321298
0.104481965
0.11731753
0.12701152
0.0671419
0.14886665
0.108617425
0.15307468
0.14160512
0.10671112
0.07299055
0.11605054
0.11035612
0.013954546
0.101748705
0.113974884
0.11992441
0.10377352
0.14669384
0.13308187
0.11939703
0.13114019
0.092178024
0.12453948
0.13157146
0.12866469
0.12699535
0.12987979
0.14734818
0.09869474
0.120975316
0.097325936
0.11929272
0.09764637
0.06130516
0.13284849
0.090512276
0.14211494
0.11026029
0.1365155
0.111599386
0.038571
0.1473838
0.14278148
0.1299119
0.10205831
0.07758117
0.13906726
0.102828205
0.14029267
0.12603727
0.08986113
0.1300934
0.12742831
0.14159629
0.13884526
0.12740389
0.110215396
0.106100634
0.1482794
0.14642116
0.10742597
0.11169459
0.12073937
0.128901
0.12251635
0.053537354
0.11895037
0.109117895
0.0
0.069224864
0.10469878
0.0560481
0.15624931
0.095954895
0.117262155
0.119781286
0.119977474
0.11037603
0.108966544
0.14198636
0.12742949
0.10985184
0.13961293
0.067948624
0.15500696
0.12251924
0.043837454
0.14051308
0.12762271
0.15884614
0.11222479
0.118404076
0.110683545
0.12306343
0.12652434
0.11180955
0.1177925
0.12957633
0.10498066
0.13122262
0.120208636
0.09423636
0.13160425
0.13815163
0.09434013
0.14457044
0.0
0.12136261
0.122452736
0.09077742
0.12201944
0.12559988
0.11794485
0.1381665
0.13805562
0.15888695
0.1238676
0.117824435
0.05225108
0.131659
0.13232888
0.15682371
0.12611096
0.09786396
0.14044696
0.11489077
0.13703349
0.09673925
0.10100122
0.12869447
0.110621035
0.12239404
0.09779166
0.101978466
0.0746544
0.100199625
0.14269516
0.14219366
0.10463098
0.13163094
0.1256042
0.12180464
0.09745629
0.10190356
0.14368008
0.11842546
0.12920077
0.11764054
0.13628642
0.13633537
0.13148163
0.08856666
0.10098453
0.116497844
0.13300386
0.1428465
0.115309566
0.12714441
0.0
0.104721665
0.16020079
0.13620837
0.115290955
0.12999973
0.11107974
0.04878258
0.08693276
0.12671168
0.11850025
0.13537455
0.15377486
0.14050978
0.09399034
0.087805755
0.12297264
0.16040869
0.11919795
0.12374118
0.14425243
0.12260209
0.11929463
0.12643777
0.12504141
0.13554452
0.1596676
0.13020633
0.10750376
0.12279725
0.11317247
0.13278714
0.13275753
0.12138529
0.12612809
0.19876516
0.13656394
0.11892311
0.112801686
0.11584884
0.13250093
0.11530924
0.124412805
0.1136142
0.036017187
0.12630828
0.120015666
0.0
0.120238736
0.10255365
0.10736114
0.12013629
0.08338973
0.13790363
0.16105422
0.11253616
0.0949286
0.12340684
0.10992572
0.1373096
0.13323472
0.1394568
0.11306015
0.12498754
0.14898823
0.12043679
0.10618593
0.14286278
0.13166559
0.14498816
0.115159795
0.14124385
0.11176136
0.020372085
0.11604811
0.13499251
0.14580788
0.1403118
0.1424916
0.10958448
0.107357755
0.14187604
0.12839845
0.12873472
0.12366994
0.11358474
0.12791556
0.118087396
0.10492262
0.08338088
0.11657131
0.13983688
0.09853722
0.13002615
0.12113172
0.14243686
0.1328493
0.10909861
0.10464051
0.102452904
0.14946169
0.11599444
0.10264872
0.1238766
0.1543554
0.08361977
0.13399534
0.11395064
0.12910056
0.12190522
0.13421647
0.109051734
0.097497165
0.10187064
0.12650736
0.114679486
0.108799785
0.11900313
0.142189
0.11705303
0.09616676
0.113931626
0.13328438
0.109348506
0.11509596
0.10152821
0.12237123
0.14371137
0.11611542
0.10993466
0.12339285
0.09749605
0.12111859
0.12075129
0.13179196
0.11408886
0.16182248
0.13896678
0.12964499
0.112275034
0.12728672
0.14212053
0.08378194
0.12452446
0.13060714
0.13363008
0.1516874
0.097894505
0.120810285
0.12897205
0.10365982
0.090620294
0.11641285
0.10102561
0.10655458
0.1142215
0.15118198
0.15604602
0.087221235
0.12211515
0.12455653
0.12691659
0.1291167
0.13147356
0.15050557
0.11787042
