-0.006051835
-0.008610594
-0.0026088597
-0.0056348294
-0.013615724
-0.013245206
-0.009981897
-0.007856762
-0.020619662
-0.009906556
-0.007356146
-0.017867466
-0.017461458
-0.01606261
-0.010780948
0.0039007317
-0.02059353
-0.03076307
-0.023842447
-0.02609885
-0.020773137
-0.015754241
-0.010578483
-0.008761193
-0.020696027
-0.03679605
-0.018146351
-0.012066434
-0.019432029
-0.01664935
-0.0055235806
-0.010687883
-0.0047399234
-0.01014808
-0.0025938281
-0.018272173
-0.026127623
-0.01790165
-0.024115747
-0.016092218
-0.0313687
0.005899456
-0.0066644084
-0.011695228
-0.005386565
-0.0038476842
-0.040166635
-0.024085047
-0.009618872
-0.0055604638
-0.008590595
0.0013241424
-0.0010680702
-0.0087305885
-0.008787789
-0.024650801
-0.004308853
-0.0046808156
-0.050559986
-0.01798889
0.002229644
-0.025500769
-0.016523834
-0.009705116
-0.0072818194
-0.0034984506
-0.0026922794
-0.01617225
-0.0083065545
-0.0036809018
-0.024496984
-0.01739872
-0.002948663
-0.014800514
-0.06465649
0.0022988801
0.0025013224
-0.023714496
-0.00847085
-0.01708478
-0.034041453
-0.0021922516
-0.017864563
-0.017436462
-0.004000333
-0.0032705138
-0.005591789
-0.017400226
-0.010621148
-0.009437866
-0.007959224
-0.0039084875
-0.022803945
-0.010781481
-0.008385879
-0.0023378278
-0.019141136
-0.0071062515
-0.027278583
-0.014860776
-0.011173156
-0.016893527
-0.0074273734
-0.00986353
-0.011881679
-0.015207057
-0.006338426
-0.017156832
-0.014264484
-0.016875256
-0.01826144
-0.027520332
-0.007109038
-0.014180596
-0.0052851317
-0.018995734
-0.012297442
-0.05835424
-0.019500228
-0.025386611
-0.004796129
-0.0139436815
-0.037238415
-0.03947683
0.002093029
-0.011938802
-0.0019981724
0.008871052
-0.007973543
-0.040418234
-0.0037922603
-0.037323985
-0.022116998
0.0075282115
-0.005906178
-0.00561468
-0.016020428
-0.011833622
-0.004822094
-0.0059308573
0.011599244
-0.023105651
-0.009156709
-0.044791788
-0.019939667
0.00011992827
-0.014747627
-0.019948075
-0.0006268806
-0.03335657
-0.020435033
-0.011789971
-0.012888832
0.0020666502
0.006799977
-0.01440618
-0.009540719
-0.00924901
-0.011558331
-0.010015495
-0.015476213
-0.017975029
0.013783201
-0.0027252256
-0.016055288
-0.002825819
-0.008052894
0.00045812127
-0.008809677
-0.008714839
-0.010777265
-0.016686134
-0.011351913
-0.006136508
-0.0034374273
-0.008743306
-0.016736416
-0.03663595
-0.0067881085
-0.0073708375
-0.010344826
-0.0146950595
-0.0073393607
-0.0053346693
-0.010623938
-0.007791797
-0.004722765
-0.015997043
-0.008415098
-0.01163872
-0.028018706
-0.0028597524
-0.034005865
0.003413202
-0.017304087
-0.0070681735
-0.0029411754
-0.010694532
-0.014607262
-0.0026443652
-0.014606004
-0.02113454
-0.0011017877
-0.014321082
-0.031369198
-0.02165894
-0.010553873
-0.025847461
-0.011333237
-0.011521556
-0.015557051
-0.01335515
-0.015236916
0.0065801833
-0.00032974407
0.0028814445
-0.010595875
-0.010862072
0.017675297
-0.015014216
0.007800637
-0.0091139125
-0.0042137066
-0.005329864
-0.017578278
-0.01936836
-0.014297744
-0.02384279
-0.0072517204
-0.008851524
-0.008714913
-0.0058612972
-0.019505072
-0.017026924
-0.014106548
-0.009506583
-0.009192081
-0.009274213
-0.0047330726
-0.01787831
-0.01301826
-0.007342516
-0.012675683
-0.014836836
-0.009864699
-0.011514684
-0.0040115463
-0.012115723
-0.031128014
-0.008658186
0.003985209
-0.0068022753
-0.015736982
-0.015920825
-0.0068970867
-0.015637841
-0.0035328309
-0.0002808161
-0.020315884
-0.02667853
-0.00722376
-0.027279923
-0.01758993
-0.00396881
-0.015641117
-0.003966292
-0.0051916894
-0.013840309
-0.0026327795
-0.0079323435
-0.00043350455
-0.011672686
-0.00438852
-0.0071652164
-0.0066559114
-0.017763807
-0.013125035
-0.0015344832
-0.013313538
-0.026775504
-0.02822368
-0.018270787
-0.011197292
-0.01654078
-0.03673981
-0.012368343
-0.017325023
-0.015104542
-0.022209218
-0.013171835
0.011964179
-0.0017979982
-0.013200783
-0.015597111
0.0020103892
-0.014279479
-0.01553942
-0.04221227
-0.023868814
-0.008000464
-0.008215146
-0.028962836
-0.011601177
-0.01263813
-0.008602802
-0.0045314566
-0.010627149
-0.010051292
-0.03132149
-0.01332123
-0.022177188
-0.01976042
-0.010318122
-0.0064553614
-0.015138311
-0.014930894
-0.005061501
-0.014533387
-0.027594592
-0.01672995
-0.004201991
-0.01578101
-0.013522732
-0.00415857
-0.005730488
0.0039376337
-0.023947692
-0.01986672
-0.027284848
-0.020398943
-0.027712315
-0.01937702
0.0057755457
-0.017843092
-0.011760408
-0.010501635
-0.013394661
-0.010444373
-0.01418241
-0.0030799857
-0.0008192731
0.0071315616
-0.011567185
-0.013736162
-0.009611642
-0.031410597
-0.015550474
-0.01084708
-0.0014644888
-0.039097387
-0.018013239
-0.011554722
-0.0053471266
-0.028923422
-0.0073613273
-0.05219427
0.0006668753
-0.008447349
0.0034172104
-0.023576505
-0.0063120443
0.0005415342
-0.02602783
-0.018168937
-0.018889122
-0.010202099
-0.039084792
-0.01994787
-0.012904934
-0.021742385
-0.025293699
-0.01158027
-0.017211044
-0.006712161
-0.0044001616
-0.018871902
-0.012033708
-0.015278376
0.0033974387
-0.03143708
-0.027573133
-0.006514498
-0.017793931
-0.026062163
-0.012222176
-0.039112613
-0.02328648
-0.00044185293
-0.008218766
-0.012022523
-0.0149747
-0.0050744386
-0.012700508
-0.0069102477
-0.022189379
-0.021572025
-0.01520943
-0.02140585
-0.020550419
-0.021677302
-0.013061689
-0.010467166
-0.023596253
-0.007320031
-0.009904042
-0.010922095
0.0044825412
-0.004182672
-0.020621657
-0.00064691517
-0.0029466401
0.0017376562
-0.026726007
-0.0069766887
-0.016437536
0.011720989
-0.0043438324
-0.012161206
-0.0021081946
-0.019427154
0.013237463
-0.0047184215
-0.0028421243
-0.029194554
0.0013557441
-0.027111892
-0.010033475
-0.0011303606
-0.0187302
-0.012971005
-0.00961086
-0.019031405
-0.005568249
-0.0061106444
-0.011686073
-0.03444848
-0.0055347527
-0.004694513
-0.03925096
-0.005919272
-0.007550897
-0.007942413
-0.014141366
-0.024228565
-0.0034965023
-0.02686759
-0.021957664
-0.02524434
-0.010263496
-0.0061137993
-0.02307962
-0.002650385
-0.037890557
-0.005467908
-0.02474409
0.014663615
-0.011170105
-0.024769258
-0.027088577
-0.019492317
-0.018845402
-0.027922105
-0.010064735
-0.013187799
-0.0068689957
-0.0148804495
-0.0051976754
-0.011293512
-0.014418512
-0.009435258
-0.01650848
-0.012259543
-0.008708488
-0.004148575
-0.0066936095
-0.011508638
-0.004863362
-0.003378546
-0.010832113
-0.015140446
-0.018904464
-0.0067285215
-0.01863903
-0.002595322
-0.012096385
-0.0073864125
-0.011639185
-0.02047373
-0.0058738845
-0.0035570338
0.002292806
-0.021180762
-0.016965616
-0.018043237
-0.031897936
-0.0058204024
-0.018339414
-0.0084280055
-0.009454412
-0.013460743
-0.03562601
-0.025543448
-0.017438991
-0.0018016862
-0.0116302455
-0.023435287
-0.010618775
-0.006020995
-0.007264673
-0.010678217
0.0074360007
-0.005678507
-0.016863257
-0.020958897
0.014635067
-0.008219578
-0.022245897
0.007708233
0.004421455
-0.017025022
-0.009080492
-0.019071355
-0.018972646
-0.0130486125
-0.021447271
-0.009808177
-0.00031361356
-0.001382581
0.016398821
-0.017535096
-0.017685406
-0.02282403
-0.01082292
-0.01815215
-0.027344862
-0.015745612
0.01370897
-0.023591183
-0.0009684187
-0.008851435
0.0013216651
-0.018220058
-0.004153835
-0.012435529
-0.028897388
0.0029483128
-0.011004436
-0.031912398
-0.0061813216
-0.021083128
-0.01672772
-0.004273843
-0.0018975488
-0.0032085928
-0.013075136
-0.03439692
-0.027943773
-0.0029045895
-0.016295584
-0.029707951
-0.0030123687
-0.019625572
0.004581641
-0.00088094524
-0.023510646
0.0049266247
-0.007804366
-0.019299528
-0.001032259
-0.0030383524
-0.009204862
0.007495978
-0.01818944
-0.020866152
-0.016538102
-0.010750103
0.004808765
-0.010941255
0.004317551
-0.028696185
-0.016085016
-0.0002354309
-0.024861382
-0.0074136946
-0.012248779
-0.0056901444
-0.012871527
-0.013562038
-0.0112307975
0.0017529634
-0.02947889
-0.019446865
-0.014535778
-0.024833232
-0.010358894
-0.0044211345
-0.004227494
-0.0063349986
-0.01975918
-0.016691994
-0.023704633
-0.014916349
-0.012422672
-0.011169584
0.007043387
-0.011845437
-0.011364399
-0.020853495
-0.005784581
-0.008671637
0.007679358
-0.0153181525
-0.03045579
-0.009908844
-0.009496403
-0.015777921
-0.023740785
0.0044198325
-0.023444159
-0.022878978
0.00595944
-0.013919837
-0.023784975
-0.026646582
-0.0104935225
-0.0038234964
-0.024570508
-0.015285546
-0.009471733
-0.011866035
-0.021539593
-0.00907318
-0.011968343
-0.029088473
-0.011527065
-0.0328188
-0.011183287
-0.019902268
-0.0061507937
-0.0057953396
-0.012915761
0.010487155
-0.019290416
-0.0045020278
-0.011015849
0.0014056964
-0.021412874
-0.027545922
-0.012588168
-0.014885175
-0.012130653
-0.0031937475
-0.028120393
-0.013880438
-0.019186102
-0.02720692
-0.008106072
-0.0207334
-0.012996646
-0.013562187
-0.0033622072
-0.0051909555
-0.017387396
-0.0038346013
-0.018673124
-0.0057304953
-0.038619906
0.004013422
-0.016542975
-0.018709533
-0.008896813
-0.005023124
-0.0005505643
-0.009866033
-0.007427217
-0.02003484
-0.014366201
-0.017819865
-0.0053580375
-0.02582229
-0.013046362
0.010776123
-0.0039411467
-0.0034662904
-0.008352703
0.016373718
-0.014903071
-0.025659883
-0.012861395
-0.01739166
-0.019835176
-0.022438668
-0.02031228
-0.001678305
-0.013266992
-0.0038310103
-0.011060011
-0.007286483
-1.8965453e-05
-0.018967533
-0.028058356
-0.011564912
-0.006004198
-0.014667346
-0.009652602
-0.020810517
-0.013833069
0.0007236524
-0.011014128
-0.008368688
-0.00763343
-0.009677548
0.009989786
0.004924198
-0.0137667935
-0.0111978175
-0.012148032
-0.016889028
-0.014786589
-0.0028913424
-0.035781275
-0.009089134
-0.014657197
-0.004902119
-8.471683e-05
-0.005575979
-0.022449551
-0.023421142
0.001255221
-0.01071433
-0.025390416
-0.02102208
-0.0071507776
-0.01891679
-0.00523907
-0.022119192
0.004679132
-0.021735463
0.005158401
-0.022307793
-0.0050005494
-0.016629947
-0.011669411
-0.014837387
-0.026014604
0.010466823
-0.02795216
-0.016515404
0.0015444892
-0.023022562
-0.016078342
-0.027813826
-0.023128917
-0.017646667
-0.007854129
-0.017352892
-0.031174043
-0.008258471
-0.0100512775
-0.0142802615
-0.016917622
-0.023591852
-0.0104897795
-0.016763726
-0.018829903
-0.0036009245
-0.016950842
-0.011774685
0.004414103
-0.016516391
-0.034561124
-0.011521266
0.004120906
-0.03925872
-0.008764605
-0.022205759
-0.0038184896
0.00058700884
-0.0114935795
-0.015509702
-0.00678004
-0.01307061
-0.005845819
-0.0011752764
-0.007196775
-0.010286795
-0.0084630465
-0.02084969
-0.008409317
-0.01775041
-0.034351345
-0.013033881
-0.02275148
-0.0053968127
-0.0040270207
-0.009981014
-0.0070792185
-0.016194765
-0.007986793
-0.018659947
0.00061025465
0.004587618
-0.0041330294
-0.015025264
-0.009493241
-0.026954718
-0.011135263
-0.007457703
-0.007849137
0.0004354566
-0.011151284
-0.007958014
-0.0017643962
-0.0035283978
-0.008216993
-0.012553148
0.0041725356
-0.0076193414
-0.01419006
-0.010572628
-0.011782782
-0.011777828
-0.01871611
-0.009924969
-0.0034598198
-0.014921314
-0.030089661
-0.01372706
-0.006369039
-0.024144795
-0.006507845
-0.009488611
-0.016873214
-0.01168199
-0.020461427
-0.008554313
-0.017542847
-0.0246718
-0.015337527
-0.0101887
-0.0183105
-0.011685741
-0.010365319
-0.008812702
-0.0269864
-0.015541289
-0.00035624203
-0.022764016
-0.007435181
-0.00904931
-0.0053965705
-0.0010802145
-0.005268335
-0.013403559
-0.016027985
-0.002686833
-0.02176699
-0.018196858
-0.027094575
-0.011081756
0.006480193
-0.0056949127
-0.021814913
-0.010080275
-0.019343615
-0.0032308847
-0.014506667
-0.0014645447
-0.018265316
-0.0082643125
-0.019321093
-0.020684581
-0.00019559264
-0.012836776
-0.011346952
0.0075042457
-0.010523274
-0.01773154
-0.016401395
-0.0037780039
-0.01233958
-0.016952652
-0.03496941
-0.009431563
-0.009245225
-0.0073941234
-0.018942313
-0.009413556
-0.008778771
-0.015224301
-0.0051224492
-0.02097222
-0.0222659
-0.009231707
-0.019169541
-0.02144955
-0.00873875
-0.0017379617
-0.022856943
-0.011245533
-0.0015144597
-0.00547344
-0.0039711646
-0.0072304723
-0.01414839
-0.0093051195
-0.019767134
0.00074912596
-0.013309665
-0.024218673
-0.011193758
-0.009848369
-0.007873894
-0.02270273
0.004825618
-0.008637105
-0.017145261
-0.013961019
-0.0077931606
-0.028300345
-0.015373594
-0.025772532
-0.009279748
0.0039736903
-0.012643115
-0.0316835
-0.016498782
-0.026225971
0.014948439
-0.011699456
-0.0075375387
-0.0055533857
-0.013856687
-0.019494042
0.0009037291
-0.0034170577
0.0035997827
-0.011859301
-0.0059768925
-0.012502034
-0.037243333
0.0031612522
-0.0103029655
0.0038655468
-0.008746743
-0.0053568752
-0.013232662
-0.038875718
-0.0007044225
-0.008297365
-0.011628543
-0.008590241
-0.015368179
-0.0041797217
-0.0014789355
-0.005869943
-0.007322486
-0.014014113
-0.010471341
-0.0005199089
0.0012073846
-0.010663113
-0.003706252
-0.0038604583
-0.006838055
-0.0190025
-0.001268673
-0.00760088
-0.019143451
0.004051244
-0.01767732
-0.0067435224
-0.019946374
-0.0071917204
0.008404285
-0.013836034
-0.0031128873
-0.0068099936
-0.014723842
-0.020056568
-0.022958271
-0.021143556
-0.024250234
-0.00085207797
-0.0040815654
-0.00761863
-0.03360749
-0.022601007
-0.0081114
-0.015683107
-0.020475285
-0.027130252
-0.010876744
-0.007972739
-0.008801892
-0.023432927
-0.013111399
0.0014163805
0.006132738
-0.016994067
