0.3452448890784745
0.29955796775397003
0.23822342907271218
0.16901512242771508
0.03096717358460077
0.020724714233520486
0.1085149307268726
0.4481939265516983
0.2680744785054249
0.04768018968644852
0.10101996618223005
0.3790099348903029
-0.022964733502015805
0.24188512912868262
0.2731484419778071
0.08007677920605413
0.2296901801996085
0.17233628271286103
0.11307647011894692
-0.19004803537730056
0.12121585770790658
0.08554765596453315
0.06599823888353759
0.3302567272310589
-0.07379712155391863
0.26494579063417156
0.09298603148602277
-0.012623989573462169
0.1872363943707451
0.25491430821705896
0.21025725753916466
0.10238649239207911
0.17045422729618995
0.21353605634945924
0.03835412267526209
0.10379697303212729
0.12406047152100741
0.23282458981532148
0.06413625787926283
0.17614011466852128
0.1234427710697584
-0.007361030473352875
0.11826175201301484
-0.11761138878756464
0.17968813872725628
0.03366186988816308
0.0688099443202003
0.09553637361336195
0.08798969235337292
0.18057629047390658
0.13418974003773956
0.26948605797020575
0.2186132468959184
0.023199005112954613
0.22353141199806978
-0.018952242736470948
0.10034111669743825
0.253566917886911
0.19265812542028724
0.12091918881367567
0.09352452496889338
0.17313416599436535
0.11005667345396916
0.1744884967127072
0.2531509002542578
0.3685859744196587
0.061125280424512235
0.061362661379693345
0.20415509028830278
0.2532436167835703
0.14944049997680084
0.16844020451296657
0.2396425739588167
0.18234320308982463
0.19296332216097586
0.12257438019612396
0.11541389598708932
0.1263025754589083
0.1992085252279807
0.09107106512172869
0.044257376268750565
-0.0643168761462122
0.14418306698247915
0.09160672583804605
0.2903502022148965
0.2116006225816601
0.16221249984442795
-0.10264178227287549
0.009084523305701003
0.11752006155116104
0.08351120869202219
0.20354792557373338
0.2956480699857009
0.20822272155237384
0.11514492530571438
0.24299745673245884
0.06416661497051449
0.14615884104309804
0.09145563727631964
0.013397545424320062
0.18803704661901363
0.23218131130266814
0.20847933444665798
0.36527501358318615
0.24810732878024208
-0.12352703677254237
0.12824679828655414
0.21494332551918136
0.09783172307232438
0.20833455243045526
-0.09256751212316341
0.14125214947621703
0.3850048747343401
0.15626364864199008
-0.08455030358021234
-0.0751198504261115
0.023501887335578092
0.1295471397202357
0.1439653871937803
0.17561580469415303
0.4353551180403783
0.05502157319753362
0.13487176471374687
-0.08049922232411724
0.1871546402702213
0.027748197001548153
0.20458703038911977
0.17218371920575523
0.050328174045300295
0.1361356829449741
0.0717478597652367
0.27116936666092273
-0.16909109602866543
0.18679553127470158
0.10823752358172431
-0.02497395852458084
0.22872530166873925
0.22686126475123478
0.35922200573535135
0.1239273011930638
0.11753432462379221
0.162314063789498
0.18309626102820473
0.07717636352128462
0.17468745504184358
0.09619899163336051
0.20731517233711047
0.0984944902618414
0.04471486619183915
-0.25815168908531705
0.15851631303709765
-0.014862391402780256
0.153876026070056
0.2399698245426188
-0.08693045077732584
0.2725966671895377
0.257412864041607
0.0526500251981524
0.04904305065185757
0.2664448713104334
0.22529702164053297
0.13692603642210707
0.2652720651168018
-0.14647079723826475
0.08574904997044017
-0.003303507135270639
0.25473473094541876
0.18069381022040829
0.17211084899218285
0.13508171645913328
0.17232951906006397
0.4234983405750997
0.09122697199902177
0.04990303569656104
0.26787704815749214
0.06337734295765926
0.10228264904730819
0.08644762945192871
0.0771385646793876
0.11499517200556195
0.2588939023613569
0.11238313471263903
-0.09932543997488966
0.19193822920762724
-0.04576521688168869
0.025514220560040185
0.12999101724544823
0.24319801613119538
0.09056565601866903
-0.062109537182075264
0.1643605350218886
-0.04199456429840884
0.017716235405115438
0.1825203595035386
0.12214243930454635
0.06059655148684612
-0.03415060703617276
0.16069686568610994
0.07972591617577349
0.05978731126045514
0.12296743175204097
-0.05072743293077639
0.10281119830261856
0.08415649260127572
0.2569736164817187
-0.06161950088628307
0.01567712770590793
-0.15176044344013775
0.09405845736840782
0.1386561449857032
0.12072713077628747
0.205740563189829
-0.11978553368722508
0.04122840029009198
0.27249276685343893
0.1529927408762087
0.15777386201469087
0.38970192846080487
0.3058934790645329
-0.025214473501470464
0.23446726803528692
-0.22267651081503528
0.00814528224838243
-0.043911956596055596
0.0598361652243555
0.19449844210898734
0.05203154647887828
0.21444450120182598
-0.11984995980612942
0.16926171234390644
0.06557431227996044
0.1529844907293815
0.1297657912181123
-0.11505214980875514
0.20569036547613492
0.15338333570241794
0.04116908497397734
0.12116889536012024
0.3056993411866291
0.22468485010106184
0.03954744451362088
0.3318476237322565
0.226157916429269
0.03562387752697363
0.2511349174449291
0.23025424162850602
-0.08806143465217567
0.26460354501103234
0.05354451909135813
0.03915984470516884
0.2073009491867228
0.15667228814975317
0.1453451529673789
-0.21612420470566715
-0.07810911229008669
-0.007458624202764802
0.09060523855482014
0.06689622688937194
0.19018816479214654
0.14861723946153158
0.2214556890156185
0.19085412154322376
-0.03900847138879307
0.06318893930820121
0.17029001773195448
0.13377732747129698
-0.07321777641254426
-0.016709381568961318
0.07942661325309339
-0.04325372283746917
0.1685670508315031
0.26336047841186205
-0.027500417374746428
0.1270051027485519
0.24432118079594442
0.195302907966839
-0.15016096402121207
0.26863887888623084
0.36693705042332414
0.3907466229057942
0.046908314582615934
0.1542746856396868
0.06930729327349391
0.2445153334318195
-0.051330598578001235
0.20208266789934823
0.3149274206541637
0.1696865139400807
-0.0783552613486769
0.22605025609154203
0.2697293142773576
0.26928301725218207
0.28872827352108654
0.3090507848277628
-0.025471091047305633
0.11428284140097092
0.18980552646117763
0.08941584532616473
-0.03694525024418513
0.09663795598236682
0.22312421833263826
0.18048812156241453
0.01758156261967206
0.17627803691291752
-0.10324073081296378
0.2508151350230028
0.20841719817420198
0.24767911228113923
0.17478440595565256
0.2004843829958539
0.13479424800045495
0.1930497672581913
-0.10013484590888103
0.20034396487067876
0.36880476929739703
0.002659407296214694
0.27233553046028136
0.03827754547032533
0.07813162346294653
0.19985834541983502
0.19801865855609582
0.28272284018009464
0.032766373244911745
0.023704691244560178
0.11142649873272967
0.03923547672646374
0.23161311285438888
0.21550952776102414
0.28984980747192224
0.030932862006589706
0.33703409218549774
0.2846826119571175
0.08197839329493892
0.1688308496800117
0.06651868777071232
0.15650612454788335
0.28299376530720355
0.0673437502348288
0.2988843570579417
0.09625815560414105
0.11868044057330288
0.13894905275776578
0.2833879985002903
0.1602905102708105
0.319280112785016
0.07556513254816075
-0.17494581548622387
0.14024357446486327
-0.12856554230569758
0.0474403864833263
0.12177093678420378
0.1216665527376595
0.2400744522126926
0.18898613778659165
0.006080887146897002
0.40884127680286364
0.2649799985320149
0.11962419897193746
0.1968710850221321
0.04896038100872463
0.08472151229764588
0.07167852092394858
0.09508446037923848
0.13432224003405843
0.04554269561443278
-0.0937427051858947
0.17600812266493968
0.055705079619283865
0.0991854997470333
0.08629436092380491
0.16558224770171012
0.09890964287991574
0.1658511186068716
0.14907042260274225
0.21138564655570677
-0.180063245517424
0.2587730559185324
0.015681606257510278
-0.013303914979378523
0.10933599974917349
0.19457407244891675
-0.031762799555636406
-0.07181586496614192
0.21682528888511685
-0.000435826220734542
0.1523963121175483
0.20259146619780463
0.22101117737612172
0.06359005603043419
0.19663166221207348
0.10820935922332872
-0.11284054560262194
0.051183909605605066
0.4187004239265545
0.08194909665942879
0.12235680815780933
0.2701493535259387
0.045905804592738436
0.09703491626141222
0.22940458492595014
0.12650090528737726
-0.05407959849446162
0.2364525480657624
0.24560515783338918
0.21691437036177272
0.029230699636425522
0.2599134879777537
0.1326932521616989
0.41332988264589277
0.2475684219092373
0.24288807136362175
0.07062597770564663
0.33173201248776063
-0.017673160382335823
0.16270542159463258
-0.07669543519026842
0.017059156022720817
0.1754725346765715
0.0678489724410514
0.1286915598215049
0.21848514941976774
-0.16576898116986502
0.1313771551553725
-0.09609876319796493
0.09654386373628696
0.011665538610844683
0.2740242547802977
0.020789961161582576
0.25517381251644966
0.23965024367712748
0.19793625141641155
0.26919514595522276
0.393922143269941
0.2640286710121662
0.16416221956805108
0.08201363232049366
0.27037441487418024
-0.10989603159650005
0.07665198198032366
0.03197476146363096
0.1991176379933974
0.04945115518411522
-0.025655558669178374
0.24286505443534898
-0.06021708276944124
0.061897222495749
0.10369970809043313
0.20276521777643927
0.03631787117176519
0.09850074213481255
0.2746491178649222
-0.014143225153399885
0.14305901110079852
0.0560137643227778
0.17330284880991761
-0.1095356609270752
-0.1100860695778674
0.09628153356697629
0.2923117152041468
0.045100517586263544
0.030403809676108867
0.20660707960021715
0.3665276468650588
-0.03981888140719983
0.01531058152542894
-0.11671978339297703
0.1484168783585321
0.029037380194184864
-0.09833520127626674
0.21551489195839843
0.13075786522323005
0.3511472823944318
0.12558656128371734
0.16575381099069206
-0.07259627140546951
0.2057118267458898
0.311795844554948
-0.011056430103374787
0.41038737474752185
0.043424171767643766
0.20265904175935454
0.2967635103702203
0.06955140252977596
0.1531485955546776
0.19650065775271083
0.15305836239189738
0.0919911976456029
0.09419338458937818
0.08102040816592393
0.06385803472358417
-0.06764214694230461
-0.12386357381786059
0.40425039580646793
0.048445624527157144
0.1897307089632578
0.3258617789853473
0.3079732964760603
0.18339031242928192
0.1670008066668148
0.03593480229598911
0.059377147818360815
0.26726587287577697
0.07512959846602815
0.07037444045551136
0.08130380800261403
0.1199583653438133
0.1866572491190933
-0.06448303600721075
0.18205663475300912
0.22373287119726284
0.34496473934916083
0.04530961150962137
0.3092902482194675
0.17891868718759493
-0.08165967240369107
0.34870609244100015
-0.017333600252797537
-0.1988973498289998
0.0705258746575044
0.11182078695735151
0.3487215971012405
0.07931160658304207
-0.016145042069274834
0.06413519622963135
0.18854653979217692
-0.046125338625268436
0.05763938196825821
0.02371638217328101
0.10131066558848176
0.005213332153106182
0.010818228843810423
0.23978050993712172
0.002194293492414512
0.18926864263965557
0.1352222816657304
0.08716477264267894
0.22712393776517334
-0.005733882716342759
-0.02358114902869335
0.1659789728905959
0.15261535422762193
0.1339221681362522
0.22880589857789932
0.2577509880558968
-0.05886852857373845
0.08904676434097678
0.17773580739192582
0.07699886018212357
0.17148897465359855
0.0993513670762631
-0.08798249787752913
0.14421129229304216
0.06397450423064613
0.2126933447056106
0.10797027179864413
0.40775063229968933
0.15660890104811745
0.3345126663551704
0.1219515143005084
-0.04323508199383744
0.11731917727508742
0.10131270004646434
0.09121361128680014
0.08325411730259455
0.21922282967884785
0.16900910749006723
0.32854924906956173
0.048288618749238094
0.33153909532767234
0.3123718195603611
0.23372771506120146
0.1776760796336285
-0.24264025530669728
0.03813876548006542
0.0875966122443245
0.36146250205912844
0.08816312909554433
0.026512101463154053
0.1218122144333478
0.33211013447385795
-0.02399345910365666
0.09976186238453574
0.16919595536448953
0.24753564249190538
-0.04411090030742851
0.3202990778053416
0.1328518930355572
0.28703447207498667
0.24355054588171463
0.16749396680906434
0.1499704314351837
0.15026862626187057
0.04263177389961362
-0.044951293571105305
-0.04707041897924483
0.12280371743948568
0.1669676852610866
0.042271547177960195
0.023486827616842593
0.046692713946939385
0.1382981177168265
0.1706076587084163
0.14804194731777462
0.08803871863704973
-0.06982621156562854
0.4465423910099694
0.33512871564533575
0.1587315591487329
0.08629688785965098
-0.1609523960852318
0.042750522159932164
0.2664300886486535
-0.03113583986225446
0.05465416916439167
0.155053653038514
0.2469763101536185
-0.017677353853803174
0.043284346107810207
0.19969347325085723
0.015265201527747768
0.1675005327569132
0.30874056353622925
0.4434091478468871
0.17549006418468574
0.271591661451667
0.08200975490307158
-0.06616706600308983
0.051292683026062186
0.006391380952917164
0.1368688002056614
-0.037822620267471435
0.16815176256581385
0.2602571924361572
0.1534184110515414
0.12289272535286225
0.2918026004584925
0.07950779666119287
0.23780916979540132
0.01384221557824808
0.25638161084185285
0.01355140258595841
-0.019005880940495518
0.21879449573735896
0.14819595142236672
0.02011331314512907
0.33643712478464183
0.12618079451802874
0.224168916319004
0.061206034050814234
0.15575541011516778
0.14849778897654328
0.3771934903851709
0.1207234696787661
0.2017890198116485
0.0026890288900479897
0.2560515223878226
-0.03221950481508937
0.06219252365406938
0.17582949321024524
0.30156645186875586
-0.10563223874307734
-0.027875069304923922
0.016341190121716725
0.029252218191399643
0.06472956733842314
0.13210548541683728
0.0019322967290670845
0.14658014612427425
0.02060450742183309
0.12661645144052366
0.31012099140980987
0.11025585071844282
0.5031839523810071
0.18569346494107095
0.18917305400941017
0.13046382550326438
0.16961973056533328
0.10728085444849797
0.22783066392830695
0.06575597675077208
0.08400436605086778
0.09786017773487302
0.36561561883017324
0.12761422401998843
-0.08411466697590078
0.25345834094925423
0.5332661474134245
0.15151504838376337
-0.06759734644560653
0.1881197737523814
-0.038833313846864254
0.14758677525779604
0.2020070437807838
0.1875181984341453
0.21761075299770025
0.05292308226020084
0.23924862291517354
0.021015968653813916
0.1801444824861824
0.22025157610310317
0.33158745584162286
0.02392941994091366
0.14109361462001588
-0.024705150352777344
0.2682360071998845
0.18300295131557417
-0.10829786808404243
0.11707846031854499
0.13274250471427465
0.12118531730585116
-0.0887812460405353
0.1544008099055811
0.10860863093694809
0.09594818220163251
0.1321686627717196
-0.010840439098173754
0.025257934692633016
0.06108507566935706
0.06199708171364596
-0.018919217758239376
0.1339201175922393
0.3123976160468591
0.3176986543390792
0.22865365012050468
0.05319024906210165
0.16901125375810308
0.0719782282482204
0.08605573902966798
0.1268138732046735
0.35539876721400354
0.29064512054075065
-0.061635014981569064
0.27637112389660967
0.1678878284319044
0.19172522476286755
0.1649797368663338
0.06401846804684616
0.19253435187928877
0.09966703397140966
0.2935391378111496
-0.13102334695607112
0.03917348268777335
0.12292481807981268
0.3985666259969416
0.16637782901126238
0.028549406428137913
0.05822980678835496
0.09852995597253653
-0.07405587746203576
0.1692113627611966
-0.03347304441379362
-0.11115998686872744
0.07810847722147865
0.11966444479233615
-0.02620979065574308
0.16133749371604814
0.18288631537958092
0.20165894320299835
0.13366759284066934
0.19384963319433987
0.2483378949595859
0.11557934890990382
0.11990431544106392
0.17591667087284155
0.34114583593700054
0.14923634031623165
0.010471212285844383
0.24651793763190386
0.017295328159018714
0.10560467226005973
0.1390294521932661
-0.07564218137666492
-0.014556792986294614
0.38800887684847174
0.027631893041814765
-0.007470470498529808
0.29160062344034976
0.2839424254320757
0.06566165046530345
0.13394414520588419
0.03050750752907397
0.18839757325188286
0.0022213238245859246
-0.029490459512615974
0.07261834369887607
0.07656673221944085
0.1620638457219045
0.2984113504370267
-0.18180811862815519
0.055077070763502184
0.20242970649954936
-0.10499611149740021
0.05484533637834557
-0.013434856509331211
0.14330782077359092
0.11131052828868396
0.07170747126735208
0.09678447822007771
-0.21472135406906093
0.15595590744925855
0.06462588202144873
0.09003434738348057
-0.001276652027720565
0.1424921170280816
0.2472493508412573
0.33381065892247186
0.3527734565638061
0.08643289145867636
0.1419183901129936
0.05291501608510338
0.12992818860260022
0.10392623572532203
-0.11076363879563508
-0.21403477359430437
0.04968498935447324
0.10712776797796794
0.05330147756119666
0.29950320214776405
0.07268527554082224
0.22637761846146917
0.25526998715043425
0.39690783134231356
0.4536251090413659
0.05483342086525342
-0.017917670288205706
0.13968455040517044
0.1597687039378007
0.013488427292340538
0.29290196692625625
0.3711168560581025
0.09000825248060859
-0.026091694572656893
-0.05052861818229035
-0.06301019568773028
0.2776077737989504
0.16154981992932846
-0.004202328569974795
0.1362603042275322
0.19095366186965232
0.17290197144403216
0.012842729236415162
-0.06425766128867752
0.11948610089609965
0.23132873666715917
0.025986367901532276
-0.18882326005518588
0.3138988055850337
0.091932212139227
0.22873272323900704
0.131154204286989
0.24411649963220003
-0.011486128163425452
0.3223483026222981
0.12136423005283034
0.08657644482239815
0.15992202522575957
-0.1776319823620676
0.08527472480092521
0.20400175502043746
0.04731828792822221
0.20413067864033282
0.17976220226051284
0.051649561463280674
-0.08367591787350384
0.29674347911342647
0.011073048502893396
0.1973080905784251
0.14387759602523695
0.25195524025294513
0.05145700000714801
0.1716469658025663
0.17965631558162817
0.4560251404338259
0.26877434422868696
0.0494449683173902
0.021138700347817202
0.04689490911090144
0.34060018826276595
0.16788001483213297
0.24420322874074604
0.1262516766556321
-0.02298469170324413
0.12830373691397676
0.04451332526770868
0.22198137545094074
0.13156249789248695
0.16411534933904967
0.12875135132533697
-0.15668293512902268
0.014974870497498377
0.029306305134030847
0.22113905819957355
0.11580569387980119
0.13636820579890294
0.28969916109176674
0.15659270633235042
0.1357642753783028
0.13413981424546104
0.11247638368228893
0.1563770972946539
0.21697735157876505
-0.04620292203259377
-0.12066933230113988
0.008550213785029875
0.24966455057210832
0.004287744623051676
0.04251611941002392
0.1801987958409906
0.168593523329398
0.04241649666449529
0.21628324088526976
0.21188564452509087
-0.041355682364765584
0.22299826128410413
0.3392855032219628
0.2614607956332321
0.12264310181327928
-0.11982091959286209
0.25065497662437686
0.24744426092044466
0.031685515773810374
0.19492249868842212
0.40565324431872607
-0.12613832742772804
0.11574874824303347
0.13630114389386713
-0.16215409852179277
0.04918741195917972
0.05410135970819188
0.05684973693783621
0.3016653376156907
-0.0006244612349610712
-0.06794166288184109
0.2472506999463596
0.06270777836392524
0.1468530372718946
0.12822990831672057
-0.20762682733861873
0.1729770445110612
0.1684384748624059
-0.0897455533232053
0.08425465632505133
0.4380869857533801
0.19269845089839946
0.3626436359444858
0.12719492421126835
0.3514167979574836
-0.03206863362047488
0.24820871754242754
0.24781454664708893
-0.09196826322497845
0.0916166176028976
0.2778804183678216
0.08745018299306331
0.0053632312378175395
-0.01207747657458838
0.11140026563770819
0.15829004036442298
0.1293749204783252
0.44933282548331677
0.022103438852128315
0.1608685301856785
0.2342316168211149
0.24710416596008475
0.11287651691353182
0.09054359922711738
0.11153790286230922
-0.12395768104389018
0.11321085701760733
0.14392058806619343
0.0753488524701669
0.09262398470308161
0.07663799367633459
0.22140800046098916
-0.0006619131759392494
0.17481040133729306
-0.03211267896594952
0.3383660155326538
-0.07056518143019011
0.26951307049456563
0.12459779190760864
0.2917659963819681
0.234484078410066
0.10848349666244952
0.1393460486443531
0.2780643315572504
-0.03378165870791158
0.22446967673376503
0.01606292390006317
0.045772432995691864
-0.0859862537773792
0.03039196281179382
0.12364439790298729
0.22564071173746544
0.12356637710590901
-0.003173934065524603
0.2388276006441815
0.13376486699538662
0.07816484734498783
-0.029114989593971102
